41.376
54.802
30.749
51.146
14.19
61.043
48.976
51.183
65.338
10.201
71.064
17.813
29.194
36.951
49.166
40.949
89.303
36.847
41.675
58.464
5.985
82.173
58.068
65.056
96.602
29.119
41.926
35.603
2.419
17.065
56.2
64.197
18.29
77.532
64.553
28.473
30.663
61.504
76.331
40.227
61.113
43.661
49.747
65.179
10.131
97.938
75.483
51.588
89.916
56.85
46.759
69.078
52.211
53.041
55.449
38.248
15.683
33.197
52.673
39.133
49.196
42.681
60.804
41.625
58.427
89.939
47.234
36.071
40.345
42.559
92.044
30.644
58.41
52.752
74.152
10.863
76.723
60.795
58.084
74.548
32.822
78.145
95.06
7.757
67.355
16.486
16.816
32.431
83.498
4.769
76.642
47.907
38.685
63.458
50.846
34.27
53.087
70.833
87.103
8.914
75.86
18.013
66.814
99.562
30.914
16.422
42.462
58.045
15.999
52.774
30.888
7.989
55.658
15.587
55.83
14.392
80.982
39.86
59.025
48.883
47.977
49.023
85.823
74.547
59.56
30.304
81.002
40.337
33.71
69.512
47.322
39.879
38.525
15.511
93.889
69.32
40.98
53.009
67.777
71.884
27.504
48.452
99.755
61.878
52.288
46.425
73.881
55.076
76.267
26.252
44.858
70.739
67.685
45.121
98.468
42.548
80.004
82.224
62.7
43.115
68.743
73.72
43.513
27.865
21.779
96.494
32.729
20.989
54.868
3.78
55.972
49.229
92.255
30.308
17.923
90.158
32.044
80.657
51.329
36.829
0.653
32.902
41.526
46.217
32.694
82.049
97.144
17.057
91.378
17.443
1.35
27.245
81.297
35.498
43.873
74.995
62.333
47.735
86.793
10.538
75.016
68.403
84.84
45.415
79.96
11.079
48.69
39.7
48.537
74.213
54.849
20.462
31.031
69.957
51.432
5.563
57.687
47.303
86.487
79.662
62.797
30.784
26.366
73.112
34.441
43.269
37.297
46.865
14.721
97.078
75.835
60.248
61.463
48.634
18.825
66.125
23.735
41.051
12.229
15.556
26.344
42.696
36.403
14.407
51.241
84.548
39.34
51.611
26.462
47.705
79.347
85.578
46.953
41.252
39.239
45.65
40.173
9.17
98.785
30.022
2.618
4.894
18.276
67.049
82.345
65.245
47.376
46.595
16.435
67.067
24.099
30.294
32.387
36.428
59.693
94.103
21.152
54.5
53.605
55.844
52.27
61.46
26.099
33.75
29.242
45.668
78.742
58.346
20.512
70.042
52.384
20.673
64.642
3.205
18.873
40.65
73.411
68.287
39.048
92.519
90.245
55.719
7.77
85.847
11.563
64.637
32.093
34.31
28.866
57.393
54.151
42.062
31.028
45.632
37.524
61.679
55.808
50.818
53.795
25.33
47.332
53.499
45.204
69.223
29.97
89.123
97.283
92.834
61.352
61.598
84.831
4.506
73.931
89.003
74.457
97.022
48.779
52.886
34.612
27.648
30.788
70.603
25.683
27.077
51.738
88.845
15.187
48.649
91.78
51.771
15.41
55.52
74.462
46.179
76.714
35.078
18.733
58.81
23.387
94.769
51.36
53.609
24.604
51.788
51.838
45.121
1.17
41.547
0.69
5.752
52.248
93.754
50.3
74.46
96.743
58.364
36.023
38.89
24.545
36.576
43.863
25.036
28.198
19.78
70.941
73.197
49.18
45.477
84.464
96.889
6.258
53.908
34.654
68.687
72.808
67.282
60.396
82.514
57.884
47.037
7.424
26.399
49.55
50.474
9.079
57.321
54.307
70.464
12.215
44.974
95.65
91.417
94.131
42.188
57.8
78.907
87.209
93.199
3.291
49.02
50.681
5.848
45.685
35.806
53.87
10.162
99.965
68.704
62.669
19.528
34.643
45.766
20.326
81.716
58.784
55.137
30.124
48.076
54.605
70.49
65.969
32.024
10.469
57.754
60.234
52.959
28.744
40.656
10.657
46.855
61.78
67.008
80.825
51.702
85.493
51.772
81.553
22.512
80.554
59.155
40.021
55.92
72.603
22.25
89.675
14.211
18.649
68.369
66.266
58.588
11.587
48.538
22.267
27.469
21.535
30.125
57.867
64.41
34.273
40.836
52.238
70.588
54.905
52.757
34.316
14.301
69.796
31.295
6.046
49.749
16.64
52.569
48.311
38.377
52.244
53.267
72.072
57.133
49.922
10.315
87.859
58.636
29.769
79.857
53.74
90.421
55.745
12.63
48.482
66.176
23.572
68.223
39.578
70.28
47.296
71.414
66.981
72.91
20.281
35.482
22.231
28.54
61.282
25.727
67.713
52.29
91.409
64.194
17.027
58.775
94.888
14.797
36.848
75.515
67.406
0.822
60.893
40.293
34.711
43.188
73.985
64.08
40.293
76.191
37.455
82.072
77.407
47.434
98.524
1.065
52.781
51.411
54.739
84.132
47.208
62.966
4.005
48.619
52.955
35.709
38.209
48.501
14.372
50.189
67.303
18.203
30.747
42.043
33.534
67.683
77.395
43.409
19.708
86.257
5.509
80.885
2.709
85.266
62.953
81.893
21.755
22.942
31.764
81.644
48.234
39.472
74.675
53.484
25.36
55.707
78.866
51.688
37.39
74.516
22.98
50.321
6.012
27.039
41.217
50.467
53.252
55.453
51.619
35.468
46.034
43.259
86.528
84.745
22.48
72.878
42.077
45.421
46.998
58.721
47.098
73.71
31.284
51.95
92.913
97.611
47.284
85.669
40.103
64.81
52.5
30.719
98.217
60.258
6.741
45.662
0.289
59.115
4.252
64.119
63.875
54.389
59.817
41.779
31.378
49.752
56.145
82.692
0.073
94.005
51.238
49.255
49.87
47.243
77.906
4.162
37.455
48.735
26.527
34.848
22.259
57.548
12.659
58.071
27.855
62.099
46.217
89.731
22.479
28.459
86.225
44.281
51.268
12.858
53.02
68.487
87.525
62.803
6.914
19.415
40.647
19.662
66.073
60.315
28.352
55.941
35.452
49.574
36.547
65.874
66.845
37.912
25.819
76.509
74.952
67.87
6.194
34.282
39.123
24.196
9.196
72.942
51.298
79.721
23.261
41.339
72.465
11.441
62.219
42.656
62.981
41.201
48.8
50.447
9.298
40.704
64.794
36.501
90.357
65.544
54.748
39.645
36.979
24.93
55.139
68.475
71.189
27.487
32.13
42.48
14.135
46.884
94.644
48.096
47.536
62.814
99.195
47.655
48.627
74.942
58.704
54.641
37.253
41.727
72.708
0.787
39.933
77.412
32.78
74.927
68.703
83.883
49.712
78.059
32.784
54.35
2.126
46.154
56.958
90.015
19.335
97.538
78.8
59.943
34.429
63.445
24.895
19.506
14.832
19.924
12.421
85.22
32.581
49.848
30.13
95.009
58.996
22.179
22.341
50.367
76.589
83.862
77.275
90.235
54.776
66.51
36.731
51.459
48.537
24.932
50.42
97.366
70.12
50.221
5.901
58.138
57.361
50.347
42.716
61.078
1.982
40.378
52.83
36.997
58.632
57.88
11.368
84.239
53.451
91.033
38.11
92.129
54.752
60.256
33.479
54.506
24.39
31.642
89.701
28.899
58.244
19.748
18.222
60.903
31.816
96.069
84.644
77.571
13.139
93.233
61.025
80.853
46.032
16.22
62.247
71.208
8.275
49.433
95.007
45.717
78.499
33.879
20.16
42.562
9.92
6.631
60.55
1.148
4.961
87.812
16.263
45.678
35.989
37.09
75.222
56.185
53.071
52.904
63.557
58.51
50.995
58.215
22.415
15.745
45.208
71.311
34.369
48.68
62.095
44.971
91.983
79.42
53.327
28.189
39.537
84.958
63.516
90.97
43.441
68.96
54.959
88.894
33.245
45.107
61.352
69.96
83.9
59.335
16.427
49.968
41.446
59.337
43.406
50.086
28.368
56.625
52.595
33.954
44.126
31.442
33.485
50.825
46.999
27.951
68.994
18.07
94.507
70.563
52.409
26.644
56.814
62.63
39.305
51.001
44.211
48.864
30.27
19.814
82.944
65.007
62.7
51.182
68.252
50.82
28.23
57.243
46.945
46.427
37.734
94.387
63.838
58.884
80.749
90.863
60.898
37.661
44.336
25.766
38.208
38.757
58.574
20.076
44.565
71.167
34.723
71.493
73.13
61.898
68.522
65.962
88.041
58.04
14.519
18.769
58.101
84.201
66.367
83.615
56.064
56.529
49.189
9.731
80.357
20.845
89.875
41.083
45.875
59.139
99.88
34.57
18.956
46.81
58.437
49.35
89.108
22.11
32.264
48.965
80.587
56.384
9.805
60.841
69.731
64.021
52.108
52.992
29.109
79.682
84.538
97.383
39.213
4.275
74.238
5.442
12.924
76.418
88.786
32.222
70.459
90.828
71.502
6.614
73.307
16.035
63.751
49.03
65.495
59.18
84.465
16.122
42.357
50.15
92.675
39.603
0.918
23.024
57.117
77.766
68.593
38.584
22.279
1.424
64.471
9.166
49.232
31.945
13.979
40.099
63.708
46.75
49.826
39.329
68.514
62.444
37.518
14.698
26.776
46.753
6.488
97.277
94.128
56.448
58.366
61.624
58.108
94.284
59.718
52.891
19.916
63.913
98.492
53.905
46.539
90.884
36.67
58.539
33.202
13.318
46.275
63.55
96.503
61.687
70.442
44.104
21.677
62.336
56.05
98.249
26.032
56.34
56.253
10.322
28.97
40.955
73.006
73.079
68.013
82.418
46.96
43.194
2.525
23.594
25.804
44.605
78.307
41.345
61.893
85.625
74.67
72.604
54.884
10.515
38.992
51.383
50.627
82.732
80.069
19.815
55.672
14.739
96.782
27.039
33.69
43.155
5.835
47.698
78.02
59.114
68.867
89.168
63.547
87.811
88.424
49.51
1.573
75.482
67.022
48.517
72.596
10.709
75.282
76.962
55.916
86.379
62.659
76.26
34.166
33.102
29.033
46.518
17.681
38.286
56.185
18.664
43.697
42.076
60.397
14.309
79.892
24.085
78.356
76.87
63.326
93.493
8.225
32.93
59.656
46.17
44.913
32.762
43.384
41.069
49.032
37.136
50.211
39.916
91.092
83.457
84.047
42.264
45.287
93.022
34.615
27.678
19.14
48.442
91.566
47.162
5.84
47.397
65.864
20.484
65.029
72.29
39.947
60.108
28.8
80.918
43.409
48.579
81.206
50.756
29.024
96.166
62.031
79.139
65.733
84.733
76.776
62.024
8.717
22.324
65.893
19.998
41.487
71.963
17.281
4.888
20.531
70.901
34.417
49.53
1.484
64.837
47.14
10.357
79.301
75.727
58.134
72.696
49.207
65.607
24.661
80.028
53.751
39.656
21.855
97.351
35.989
81.006
45.503
99.365
29.468
15.454
51.631
53.086
37.235
58.887
11.265
0.458
67.731
77.94
58.813
53.073
73.258
61.602
53.597
25.688
49.628
44.723
45.75
45.282
65.328
4.858
17.403
0.733
85.56
15.207
48.133
93.301
12.209
73.908
85.637
32.411
23.603
53.253
43.669
3.238
48.644
48.272
50.166
31.062
77.401
50.573
78.296
47.732
47.118
35.808
70.677
95.752
53.289
88.576
59.221
72.153
32.102
41.352
37.649
41.618
69.872
50.626
93.363
84.844
63.368
47.204
58.457
25.417
23.536
34.201
59.934
5.946
49.833
44.618
79.058
35.807
76.985
34.753
20.14
27.231
24.247
11.309
61.603
54.011
36.712
56.075
51.591
52.64
10.581
79.956
54.331
41.867
9.641
76.97
55.512
47.916
62.187
64.824
56.446
93.281
9.493
30.435
62.613
67.176
38.681
77.768
45.206
80.166
10.869
38.706
33.258
65.366
56.944
30.645
57.332
88.658
74.229
71.344
10.312
96.662
76.442
53.994
47.748
92.43
29.816
51.569
15.039
97.467
40.209
43.066
26.579
57.914
68.613
67.237
70.851
71.052
59.863
54.367
40.464
4.619
74.201
46.577
65.985
24.768
48.796
31.774
25.995
57.893
79.94
12.748
64.929
37.894
75.501
11.272
9.978
21.449
43.876
92.721
33.394
49.569
34.634
24.798
48.575
30.257
52.336
51.31
36.916
76.414
68.679
65.079
67.989
44.28
16.681
19.173
10.678
33.588
71.408
96.722
55.886
51.529
74.054
50.397
54.378
56.438
34.382
58.283
95.913
22.166
11.347
26.372
65.268
10.162
55.776
54.896
40.966
56.449
79.454
68.362
73.489
43.269
9.043
46.003
60.472
9.279
54.019
56.737
42.013
28.723
50.426
41.037
71.097
60.516
71.924
83.833
8.616
31.25
55.114
33.399
47.596
57.033
78.499
91.042
66.14
43.577
67.581
66.9
41.213
83.218
55.22
70.326
48.558
93.62
31.107
66.91
68.533
23.417
17.931
46.546
35.504
37.787
50.204
91.209
39.916
41.003
48.665
97.755
70.198
10.878
58.745
22.083
44.293
19.372
36.296
36.706
59.787
50.344
40.156
45.282
82.107
12.911
90.799
49.038
56.874
62.06
17.476
46.233
54.371
43.718
20.751
61.421
49.738
70.337
40.529
52.744
7.944
40.577
38.301
47.94
47.366
33.959
14.2
49.375
60.329
79.286
68.611
23.982
41.029
54.258
79.96
64.189
61.27
66.204
39.941
80.251
81.687
78.858
25.311
70.91
71.857
28.659
71.522
46.586
36.634
61.297
78.246
16.511
26.749
51.998
29.607
48.035
18.607
54.406
50.367
46.199
41.713
53.256
53.725
70.147
91.831
56.617
93.087
46.997
62.88
18.823
35.826
52.71
59.355
52.563
75.717
52.83
57.447
63.988
11.789
89.007
28.477
42.84
38.863
42.595
70.572
99.346
20.634
35.533
70.284
14.739
17.976
79.831
5.365
47.158
65.316
64.4
57.138
56.82
68.416
20.592
51.999
37.747
5.113
50.977
41.86
49.467
79.427
97.109
66.076
53.019
68.109
58.257
85.497
91.412
14.616
16.376
9.34
76.818
28.409
71.757
65.316
61.811
81.877
0.378
66.56
43.696
95.444
46.582
94.101
52.112
65.167
56.821
66.8
78.179
47.455
37.982
35.926
90.176
61.212
18.573
43.131
47.92
4.068
49.274
70.245
9.397
55.561
25.95
35.043
87.564
17.742
22.377
76.701
54.77
76.913
75.068
67.439
40.309
99.179
42.923
50.461
72.899
37.909
42.582
7.162
56.625
17.327
86.154
41.532
82.36
76.158
48.878
50.226
29.893
64.876
48.459
48.08
79.964
71.102
88.854
47.858
39.823
56.53
39.173
78.934
45.488
77.297
49.706
54.459
63.713
94.478
10.572
68.111
85.513
89.117
21.503
60.496
89.547
39.293
26.419
19.345
87.646
54.302
93.28
25.876
8.059
8.257
56.798
5.439
36.7
67.717
43.491
11.266
76.4
36.983
16.086
47.692
52.959
48.916
22.576
79.676
80.576
21.922
91.235
43.418
79.637
75.22
88.429
42.285
30.665
17.359
58.57
66.969
65.363
65.621
22.79
25.57
94.451
45.539
48.264
39.781
39.688
39.821
58.196
44.09
5.988
51.501
17.423
10.105
47.893
96.58
84.726
24.089
46.477
85.298
68.557
43
51.16
53.355
34.547
32.583
29.641
99.824
34.245
52.51
8.778
50.43
33.412
14.17
32.893
70.813
69.701
40.047
93.347
53.157
64.96
61.695
48.74
39.761
50.15
50.13
49.407
24.68
35.139
64.766
20.179
39.779
44.287
34.041
42.712
76.778
32.767
50.925
64.338
91.952
66.377
21.016
52.485
72.387
61.584
84.721
23.161
66.205
39.667
48.818
17.923
99.557
31.333
70.835
73.92
81.91
87.156
37.876
27.557
96.404
59.496
49.632
12.411
47.778
70.958
32.162
58.995
19.661
70.588
88.291
62.647
66.838
13.327
45.115
44.049
30.138
8.384
72.111
92.27
56.57
63.683
44.363
42.252
47.461
16.606
58.021
60.948
40.274
42.13
33.478
15.586
61.023
44.591
45.286
54.282
84.565
41.404
49.404
45.871
52.66
72.353
40.651
51.097
44.132
25.42
82.255
42.542
48.213
37.52
49.833
18.225
74.41
89.943
90.168
56.376
35.383
27.354
4.518
51.662
53.66
42.666
60.32
5.641
94.897
34.584
46.545
40.661
70.832
73.157
33.72
5.241
33.053
59.017
8.327
38.788
44.544
69.764
24.57
55.532
27.776
75.159
53.206
92.362
98.829
36.734
96.642
62.756
53.006
49.735
58.905
23.818
80.198
82.025
82.967
60.677
8.514
27.629
99.944
51.24
45.443
43.216
30.206
87.383
85.527
67.857
15.769
52.077
57.378
28.014
49.521
29.831
32.777
55.796
22.572
69.012
39.114
60.831
77.91
29.415
27.851
28.765
22.911
74.492
52.374
49.929
54.57
18.689
36.022
40.457
11.608
1.319
84.756
45.229
53.928
79.404
39.932
37.235
64.902
96.716
66.208
44.307
49.442
54.274
89.313
5.301
61.12
30.047
46.512
6.606
97.787
46.073
20.433
24.413
0.979
71.726
68.281
9.486
99.141
4.482
18.378
27.456
35.723
41.971
59.66
45.752
36.679
10.847
73.36
79.532
17.642
33.407
56.093
19.152
83.966
5.311
52.491
37.203
10.2
6.761
78.776
45.764
49.39
63.158
46.359
18.215
41.306
30.216
45.853
75.624
25.232
32.748
39.423
80.379
70.162
57.033
50.385
63.074
54.159
46.17
75.476
8.95
78.083
13.27
42.389
62.538
34.132
51.89
63.317
34.035
50.71
30.061
67.277
10.768
4.083
51.145
41.006
74.124
64.925
4.224
32.493
21.854
47.334
31.369
16.453
78.158
16.945
36.003
88.75
17.109
67.353
79.359
31.517
29.91
12.526
32.719
52.613
44.335
51.817
58.749
86.652
69.456
88.905
43.285
40.371
41.799
51.209
42.502
36.566
51.857
41.031
66.223
70.368
48.527
41.728
1.854
50.268
71.957
62.731
48.326
70.35
45.813
1.355
43.371
91.941
33.193
53.313
88.003
43.186
81.679
46.082
46.125
11.488
74.154
73.376
40.626
70.13
67.557
42.909
40.545
15.669
49.2
50.254
53.199
50.776
17.283
62.286
24.562
74.639
96.553
48.213
72.442
16.377
12.306
6.111
42.91
53.898
40.792
26.638
26.269
55.025
53.267
48.195
82.614
22.368
32.139
20.209
60.701
59.819
6.972
32.419
40.522
42.635
11.395
73.253
76.311
66.735
35.053
17.448
27.823
9.486
64.95
46.828
27.916
17.194
21.061
24.08
20.413
73.719
20.452
39.856
68.691
14.584
0.877
93.132
50.824
25.838
91.213
44.91
46.907
50.69
74.108
98.539
49.767
69.87
43.127
50.122
39.43
25.416
59.814
12.38
39.069
61.505
56.188
65.459
88.957
15.477
91.627
50.825
82.185
50.456
69.779
69.714
81.013
48.811
31.175
4.839
11.662
6.04
58.576
8.131
45
64.189
68.658
18.81
17.146
50.282
53.083
20.068
78.141
68.067
13.261
30.886
65.704
21.841
34.796
40.988
35.903
29.974
60.049
17.6
57.581
51.686
26.598
88.208
24.614
57.119
40.917
49.575
79.738
66.036
46.624
82.672
31.786
23.282
75.807
31.26
92.14
50.965
85.565
95.722
69.801
76.015
67.387
40.2
51.262
58.858
40.685
76.395
84.002
85.299
34.633
51.641
14.925
58.225
22.344
53.285
20.55
60.565
59.08
51.98
59.584
75.99
25.932
43.295
1.327
69.393
38.549
51.49
34.368
10.155
59.246
1.836
64.075
22.855
88.049
42.679
46.019
18.249
60.387
38.839
34.066
55.999
97.584
37.566
16.782
5.346
13.312
72.73
46.913
67.528
33.242
43.686
60.246
32.799
77.356
60.196
22.301
61.195
79.492
26.317
18.163
1.477
70.267
65.796
50.915
11.288
80.653
12.98
41.572
23.348
60.268
15.9
81.564
71.42
51.977
22.092
16.197
70.715
20.45
93.668
40.427
63.778
81.021
54.867
52.533
45.417
7.997
75.858
40.837
59.925
83.636
56.636
48.918
72.306
72.182
34.56
31.965
21.87
32.308
27.858
30.929
4.127
68.249
30.322
21.222
69.502
46.698
47.485
42.302
53.31
33.018
70.281
69.948
59.853
38.305
4.937
40.973
40.601
29.681
65.595
46.22
16.56
56.574
44.596
49.261
84.751
41.603
59.016
14.584
11.571
50.989
85.997
70.466
58.012
48.28
26.408
99.219
70.544
54.536
2.837
4.203
46.756
54.865
43.871
59.682
19.445
6.131
30.393
87.006
74.211
3.611
27.683
49.983
39.397
78.86
29.736
69.61
34.067
44.86
35.457
4.044
67.21
18.275
43.949
20.315
46.918
42.481
36.719
97.419
56.104
13.373
56.226
24.285
17.02
26.663
50.442
51.196
74.538
82.686
37.504
52.108
33.032
36.056
60.477
94.275
50.923
60.851
52.847
45.597
51.617
66.673
42.683
47.436
49.833
48.134
34.063
76.295
76.637
48.242
88.843
16.031
69.199
25.036
22.9
54.195
28.314
37.243
93.117
68.791
19.341
61.226
38.523
52.811
34.234
82.979
89.404
40.451
90.135
16.693
2.384
54.094
11.597
55.27
84.62
7.875
13.359
59.692
31.328
63.528
8.143
96.98
17.441
47.102
49.882
14.705
39.96
54.077
95.066
96.744
67.151
57.316
54.692
33.389
3.469
69.219
10.558
62.511
19.722
50
5.754
29.595
26.346
47.012
62.562
66.986
97.283
31.919
7.54
39.346
62.159
51.768
42
99.868
16.044
62.528
64.376
13.862
37.765
3.871
20.548
59.202
76.513
49.162
19.626
4.437
79.389
29.449
82.482
24.724
87.954
66.239
68.167
19.832
59.856
48.008
41.635
35.488
8.989
71.328
51.997
65.245
36.259
50.515
44.816
45.865
55.483
80.813
47.101
58.84
65.43
40.005
36.159
98.475
65.247
46.61
50.546
39.462
69.498
62.62
33.335
53.736
40.122
27.185
89.88
78.877
71.617
14.521
34.463
56.996
56.772
20.491
15.336
82.484
31.574
47.777
19.537
44.345
55.464
45.89
56.298
55.998
41.636
58.288
74.251
58.556
28.751
39.955
52.367
76.936
77.679
96.345
67.517
54.889
5.358
27.04
78.602
49.788
0.576
82.591
7.913
15.995
82.833
68.607
27.804
29.644
42.377
56.185
54.489
90.993
80.012
92.763
42.276
24.92
82.802
95.711
65.451
72.344
86.386
63.504
50.263
79.601
83.5
54.948
54.663
77.973
66.264
54.073
34.518
27.705
19.368
56.521
57.993
70.167
59.765
32.768
65.255
29.283
14.763
59.12
28.831
35.052
39.051
66.02
67.352
34.541
5.604
14.784
11.189
79.904
67.547
84.065
40.183
41.677
55.48
60.179
89.125
35.367
44.905
73.543
64.379
59.021
63.556
86.965
8.219
45.586
15.17
39.795
78.101
78.847
34.66
38.98
64.373
38.24
70.159
31.123
47.032
28.415
32.139
66.551
53.738
5.882
48.265
23.185
50.947
24.902
40.882
45.235
78.572
37.514
87.196
8.259
98.257
74.409
61.394
48.127
69.053
45.051
14.288
44.809
13.997
89.873
48.238
49.806
34.036
31.844
92.088
95.018
41.36
34.031
61.759
34.443
52.588
93.966
12.139
54.923
51.841
21.409
40.405
13.18
21.676
28.126
44.509
16.297
58.425
75.808
48.456
35.471
23.682
43.676
39.323
59.226
38.935
14.655
16.228
56.401
53.778
23.389
50.856
69.987
49.519
32.374
65.752
94.482
65.733
46.327
97.032
53.604
60.488
60.312
26.038
41.545
46.676
47.082
60.247
38.259
26.514
25.203
61.736
32.088
13.576
34.643
47.092
81.682
69.822
24.214
34.666
53.084
97.828
5.008
44.969
45.737
60.148
53.936
56.586
18.951
54.937
28.135
59.39
52.518
86.699
64.062
98.011
31.03
30.019
63.528
75.862
53.036
59.72
6.663
52.985
72.812
40.356
53.404
62.65
72.182
18.971
55.204
14.542
62.126
16.339
67.867
74.311
50.88
85.737
57.051
63.848
43.207
39.146
11.825
22.968
78.052
10.958
3.751
48.618
47.937
90.404
47.887
46.924
4.691
45.613
68.462
63.544
69.647
56.268
36.545
70.378
42.639
57.56
42.273
42.689
41.61
47.182
53.742
54.175
92.318
42.605
23.154
5.371
40.145
56.622
84.759
72.071
71.309
84.255
75.346
11.759
72.394
81.981
87.285
81.967
74.341
55.113
65.838
66.771
74.205
32.191
6.72
63.069
11.003
72.749
32.288
20.314
37.096
49.99
37.089
55.426
53.286
41.789
36.526
79.927
71.064
3.851
4.801
75.541
13.342
61.834
55.731
59.532
48.478
43.386
57.061
59.236
9.174
43.736
70.818
49.367
89.578
57.13
49.556
28.614
18.288
45.149
35.775
86.002
36.814
47.795
39.102
26.99
22.89
67.465
38.15
59.191
60.662
4.331
26.202
3.858
97.12
55.517
13.652
40.346
37.908
72.218
88.151
63.369
61.054
68.713
32.449
25.619
26.025
40.895
29.981
37.084
98.441
90.64
44.795
63.271
51.168
32.04
39.545
16.862
3.533
96.718
76.229
49.794
52.258
24.234
67.595
54.676
62.374
45.589
37.826
86.848
58.343
38.566
6.636
61.429
73.175
74.5
97.522
49.719
65.763
82.901
95.524
37.867
51.128
61.959
82.073
48.146
48.916
35.253
43.996
73.098
49.831
79.056
50.213
44.42
12.633
36.155
53.623
7.158
18.256
28.077
8.71
21.546
48.434
71.139
94.334
19.221
36.191
80.395
21.267
6.262
73.613
87.285
17.324
33.907
61.032
86.775
40.356
34.44
62.662
71.112
82.662
89.193
28.04
49.499
88.353
44.018
60.557
51.621
51.826
27.602
34.493
23.034
47.503
36.17
23.819
36.88
85.755
19.778
58.527
22.777
2.098
51.922
22.261
62.297
61.045
3.952
42.035
79.781
62.562
73.557
17.685
56.17
38.062
66.077
43.116
62.23
50.829
43.944
51.702
32.89
67.96
11.393
80.001
9.645
23.732
64.913
20.305
31.7
89.173
51.08
90.207
52.654
70.873
58.77
65.272
39.751
86.217
99.014
28.733
85.635
44.828
22.937
75.372
25.377
14.119
90.535
22.615
54.19
60.873
37.828
53.994
88.541
42.935
10.931
53.519
52.218
54.975
49.374
75.6
30.009
89.731
77.147
69.533
90.821
97.735
61.521
20.853
61.881
0.622
51.428
8.333
51.189
55.728
66.492
67.056
13.167
48.962
42.162
66.517
71.153
71.746
62.908
94.605
46.348
38.83
88.181
49.354
45.25
87.551
43.974
2.86
55.133
14.628
22.221
64.271
48.23
23.299
36.865
57.79
55.582
48.281
48.383
27.573
50.789
52.788
86.999
61.19
26.132
44.045
39.269
69.659
69.454
55.98
44.032
35.962
34.693
23.54
16.817
51.759
98.325
74.635
51.526
64.615
71.504
30.54
42.859
57.943
51.202
1.226
28.824
72.901
13.629
78.293
65.548
39.312
48.24
12.95
74.295
82.709
70.718
81.362
51.453
56.743
86.74
43.718
51.441
53.601
3.002
50.265
31.986
44.407
64.245
49.481
85.319
53.356
22.515
48.011
58.565
62.039
36.29
31.374
48.157
56.933
85.966
4.821
50.141
66.346
28.211
30.536
68.464
42.504
77.327
47.325
61.111
72.314
70.793
64.533
89.075
25.782
64.676
72.841
46.564
35.188
45.677
74.896
77.399
97.049
81.511
66.508
99.348
46.127
46.415
1.876
47.68
53.135
38.033
62.547
85.745
21.098
50.321
51.534
70.226
18.739
69.184
90.773
70.573
94.551
36.807
59.744
55.327
26.556
48.685
12.697
34.766
31.173
49.998
69.511
44.746
18.086
28.456
68.39
31.657
40.625
50.674
31.353
85.654
36.112
34.722
25.456
49.659
62.254
47.639
87.232
58.595
65.001
43.875
73.013
30.762
60.116
32.328
47.053
40.351
43.525
57.578
85.168
48.082
42.451
78.708
38.428
30.895
76.538
42.107
84.175
42.681
59.414
66.168
55.844
42.004
51.644
31.959
32.631
37.518
53.081
83.13
41.453
27.651
69.356
76.671
51.443
79.635
80.599
70.355
81.875
90.353
59.547
69.475
45.921
54.651
86.579
58.688
46.547
0.539
56.984
50.53
69.56
48.292
41.019
48.151
45.908
69.721
33.755
1.145
29.988
59.432
74.443
13.543
48.684
31.624
90.869
62.803
50.261
52.375
59.106
79.458
43.427
56.906
51.775
11.844
42.379
42.15
36.399
52.803
83.158
2.038
56.647
45.497
17.667
54.123
61.441
41.186
13.884
74.219
28.03
48.386
44.644
6.795
24.495
96.726
21.953
23.061
50.064
75.842
51.946
2.617
1.942
81.521
59.972
16.312
25.3
40.467
5.911
70.957
67.633
81.499
63.396
85.202
63.565
63.349
40.983
98.868
66.486
13.126
46.161
87.401
30.423
93.466
77.018
68.652
36.598
28.996
25.118
14.489
62.565
27.069
53.341
11.723
19.569
41.407
37.033
67.858
18.356
41.793
28.638
38.464
7.569
44.967
46.462
4.891
61.538
64.076
99.45
2.012
60.954
34.672
49.649
36.959
34.556
6.967
57.829
51.56
58.771
73.722
87.57
73.12
17.112
15.487
40.664
52.168
74.867
57.496
60.214
66.239
65.688
89.998
54.08
29.663
51.203
45.71
50.233
14.057
95.628
91.932
62.406
61.025
51.465
88.37
30.519
16.189
22.158
64.835
32.448
22.51
21.305
67.132
7.297
70.334
15.324
77.204
80.969
6.469
70.273
23.742
42.551
36.227
43.668
51.996
73.928
29.497
53.345
42.51
68.628
71.057
98.819
1.921
59.641
45.227
57.222
57.362
13.477
58.798
41.948
52.323
48.841
75.922
60.271
48.628
40.892
54.087
50.142
66.473
22.975
59.31
51.196
40.919
15.838
70.951
72.6
64.117
46.525
60.258
34.696
33.894
68.12
29.917
82.482
57.381
61.15
14.514
15.997
55.789
26.232
94.245
49.628
27.79
81.074
86.161
21.354
43.818
49.274
35.883
75.943
28.165
34.579
40.966
49.632
98.172
68.951
59.675
79.804
2.135
34.805
49.499
80.157
32.738
28.654
32.027
23.707
68.867
49.429
65.601
30.548
35.982
88.523
25.216
52.752
64.615
57.358
16.482
57.267
70.627
50.001
27.453
16.982
70.537
84.197
14.385
87.108
49.833
39.433
42.346
62.359
72.334
77.535
55.528
48.655
23.209
91.532
38.013
50.47
57.181
45.172
84.752
0.203
60.609
31.103
27.999
52.42
17.309
89.103
60.212
59.074
63.333
72.914
40.242
99.257
50.351
43.042
58.944
40.114
73.039
60.068
38.185
39.946
68.843
40.462
83.872
59.37
42.932
56.531
51.985
62.181
67.186
36.418
42.339
73.024
21.358
59.913
73.626
11.327
29.798
52.359
7.966
61.969
29.259
27.778
49.13
49.966
69.293
32.916
74.637
71.715
68.709
23.021
32.655
79.534
56.274
71.573
50.62
24.661
96.529
62.619
69.488
66.578
30.138
49.444
43.676
51.834
45.083
52.578
65.702
18.284
44.901
32.61
17.028
53.833
17.966
39.591
38.314
56.523
56.673
42.908
41.804
41.271
4.787
54.07
27.094
37.432
21.323
45.755
40.66
38.515
50.418
77.798
19.441
48.781
98.165
68.799
41.315
24.528
29.368
7.302
59.226
36.418
56.27
77.88
7.159
40.095
83.82
79.156
36.706
88.765
82.044
84.727
80.93
31.307
18.458
89.22
55.762
58.622
78.568
81.38
31.059
37.691
37.395
76.517
66.013
48.262
23.157
87.161
59.127
49.108
46.188
48.904
52.353
80.685
68.461
91.137
28.639
7.428
51.633
70.825
42.18
69.156
50.389
31.313
96.974
66.753
47.557
40.674
69.08
33.856
58.501
57.451
40.274
1.761
21.715
57.71
67.156
67.449
35.168
73.164
84.539
39.321
81.785
43.878
18.6
98.4
57.107
46.413
62.721
28.685
47.255
43.053
44.479
72.365
92.842
72.065
30.934
16.784
11.235
63.979
18.469
73.717
79.912
15.657
78.924
18.485
26.761
41.68
67.105
28.569
39.914
0.099
32.944
77.572
30.691
54.994
47.016
87.761
49.917
10.779
48.762
31.865
48.405
67.332
62.388
15.333
6.28
10.774
81.504
75.593
65.163
50.606
22.64
21.955
15.779
36.34
42.655
14.972
53.888
83.619
61.697
73.143
69.542
67.273
81.021
18.956
57.124
47.945
22.007
43.361
53.606
4.958
90.348
52.005
52.14
87.015
37.671
8.648
38.051
31.75
54.651
55.48
11.558
17.675
24.517
48.756
16.396
27.903
24.265
37.848
82.841
20.375
86.958
65.102
8.644
75.484
25.694
98.768
66.083
61.116
23.682
43.014
34.749
54.877
45.034
56.227
74.894
97.706
67.843
47.598
31.003
66.476
44.717
57.252
56.21
8.762
25.992
18.843
26.384
4.152
64.622
83.207
28.236
50.713
81.59
83.219
88.108
78.702
39.425
58.759
52.486
72.601
99.674
98.856
21.197
49.416
53.523
23.714
24.236
15.484
7.797
65.997
71.748
39.049
47.924
63.389
78.272
94.77
5.849
94.604
13.561
54.716
7.035
46.599
72.39
30.166
97.401
33.92
47.769
73.882
22.846
49.075
26.682
39.652
52.783
28.429
27.445
83.403
5.413
83.855
37.1
36.126
30.561
17.222
77.568
51.875
40.986
83.932
46.129
90.959
38.958
42.294
17.383
28.144
84.169
29.868
69.202
48.79
56.658
6.662
42.022
88.501
64.928
56.081
77.322
98.759
28.438
44.331
59.761
37.94
60.013
53.932
89.992
32.534
49.701
53.936
85.797
23.225
42.058
23.29
48.615
56.512
75.867
48.695
29.751
55.204
78.075
70.218
24.64
58.003
25.389
73.915
71.792
42.621
51.282
43.095
34.808
62.651
52.819
40.41
35.831
63.744
22.752
33.009
40.207
47.827
89.947
40.03
20.618
77.641
24.434
41.408
68.504
97.595
48.399
56.624
89.273
17.596
46.267
70.306
66.201
4.88
40.164
30.565
33.978
25.563
45.372
56.531
29.079
42.691
60.306
27.696
92.374
56.377
54.109
58.846
60.013
83.417
84.564
55.255
14.666
35.77
83.328
52.362
55.279
12.884
56.681
39.45
61.674
71.856
56.593
11.964
64.963
14.527
93.448
50.835
41.595
90.323
48.111
33.696
33.504
14.212
53.755
31.485
39.57
61.426
75.507
35.324
51.754
82.973
29.388
60.143
49.349
67.103
54.078
18.633
64.573
33.917
61.487
74.663
53.316
41.612
97.796
47.879
58.988
74.232
18.802
10.096
57.752
39.261
24.446
27.458
99.308
43.745
34.873
47.784
14.542
1.28
90.516
56.869
53.517
30.607
82.383
82.839
44.486
98.226
45.943
74.039
22.248
34.122
66.646
94.973
72.426
37.891
26.346
41.752
56.066
51.006
63.508
68.519
61.63
15.953
92.002
9.957
38.955
41.171
56.243
99.799
94.772
5.747
26.046
37.849
28.646
76.701
47.021
59.607
23.861
25.069
92.51
36.946
52.56
34.941
35.117
43.026
47.584
34.255
63.049
71.04
57.368
37.625
54.675
4.711
3.052
61.917
34.446
59.344
71.165
5.676
59.383
80.117
30.665
65.665
51.063
14.858
50.98
56.222
28.151
67.024
68.484
91.241
8.813
32.754
4.639
52
76.382
63.31
78.369
2.426
40.957
15.859
72.007
62.689
23.506
73.613
12.669
44.797
61.419
38.006
73.038
56.454
68.467
26.225
26.931
52.886
76.501
34.854
47.998
72.495
35.106
28.404
49.108
11.737
42.67
57.21
3.191
62.311
76.25
86.99
49.518
38.721
34.222
92.375
74.435
40.734
90.477
27.952
97.632
78.865
86.487
83.218
16.518
40.207
52.84
73.556
10.933
75.631
93.115
54.03
68.736
59.361
84.063
61.718
76.521
67.44
56.742
71.909
36.289
42.895
91.104
50.991
27.473
76.541
46.204
41.425
40.249
32.883
45.962
80.156
72.062
48.21
51.29
39.909
47.298
82.764
70.852
50.859
21.473
68.038
82.13
75.407
18.59
91.268
77.524
44.914
48.192
63.43
39.094
67.288
59.963
30.597
98.885
54.988
40.541
40.118
53.571
61.323
47.66
54.697
26.414
35.639
40.701
89.002
6.982
49.788
68.999
2.227
59.909
26.104
87.983
43.468
25.864
35.353
23.896
39.52
48.486
38.24
22.432
10.897
63.134
50.448
88.09
62.436
46.98
80.252
60.216
77.577
35.129
58.062
79.555
49.761
30.153
88.034
44.442
38.2
41.644
42.738
26.532
58.592
65.578
83.817
43.722
74.193
22.201
58.941
11.183
79.301
75.244
70.135
73.731
30.659
21.449
34.073
24.442
56.404
76.681
51.034
39.796
25.677
27.864
88.656
87.408
58.359
27.188
34.899
43.287
37.055
64.015
36.623
82.841
58.075
58.647
49.749
36.569
60.1
44.981
35.09
96.125
65.252
22.563
51.878
86.383
97.994
37.87
45.216
30.893
77.673
59.95
6.834
94.104
74.379
51.253
42.965
46.223
19.826
44.495
64.424
75.336
55.467
32.302
23.635
69.809
80.163
5.437
80.582
69.948
48.242
53.225
53.049
77.926
33.956
31.993
42.604
4.18
45.893
77.557
37.983
72.359
53.683
53.617
0.942
79.355
75.259
64.282
9.799
44.726
47.093
52.425
94.448
53.656
63.53
37.623
51.537
46.151
65.43
22.848
11.322
38.913
36.186
20.668
91.473
46.433
44.146
51.258
36.034
60.785
38.251
59.975
13.56
97.566
48.533
83.647
99.787
38.372
87.432
5.961
24.776
14.447
13.327
65.738
32.539
5.664
26.478
67.772
58.573
34.487
81.81
73.894
63.476
20.437
45.519
59.581
95.282
55.063
91.727
24.072
44.193
88.725
52.698
65.489
52.168
9.722
89.333
45.742
69.415
77.69
28.566
48.223
68.596
82.361
70.644
60.557
15.055
83.386
77.302
42.301
15.585
50.712
49.139
57.552
11.346
65.367
59.023
62.386
98.701
76.782
89.21
69.044
16.859
59.274
77.088
36.287
73.693
24.441
80.018
49.216
87.907
25.387
48.989
90.547
39.536
36.174
78.1
42.445
40.579
33.34
31.425
32.351
78.607
30.792
64.133
31.784
65.951
43.43
58.991
45.506
11.819
17.598
25.53
82.014
8.333
54.241
56.671
82.822
1.629
46.214
49.829
30.289
62.768
41.173
47.074
57.931
29.86
21.692
68.563
55.914
59.168
31.647
58.44
50.754
81.242
50.651
75.65
26.854
55.873
38.839
36.521
48.621
53.004
2.016
31.323
48.758
23.274
44.77
46.028
13.811
74.047
51.534
84.472
96.998
65.459
70.248
74.727
55.199
61.413
15.7
87.417
74.46
37.51
1.627
69.523
34.279
68.329
52.659
58.921
34.412
37.898
62.365
70.992
39.581
35.784
54.541
91.744
8.065
49.944
49.542
19.426
45.78
32.999
48.931
2.552
83.289
49.544
65.592
81.082
40.32
69.476
27.57
35.022
30.52
79.602
71.173
29.715
68.054
54.247
49.18
30.071
77.685
31.957
87.149
28.126
32.823
6.833
3.162
41.998
51.373
27.952
99.396
49.433
83.615
32.755
54.621
32.015
59.18
9.67
60.549
43.046
87.8
55.978
94.567
90.083
73.869
40.128
95.599
55.598
45.485
81.802
74.568
71.04
24.109
55.194
76.263
83.164
51.503
50.306
21.049
42.884
9.253
51.652
74.433
63.188
84.062
95.476
51.048
95.868
57.236
50.277
43.432
50.622
81.264
57.777
55.231
14.684
12.733
15.22
28.363
73.188
6.936
72.907
12.85
47.618
40.943
41.536
56.423
47.367
66.794
11.373
16.912
29.536
49.585
29.927
51.833
74.604
31.881
39.492
21.597
55.071
55.556
45.97
65.842
59.073
63.524
19.328
51.08
70.183
72.387
48.242
16.373
61.852
61.461
63.558
65.545
8.461
90.558
55.284
37.497
52.897
92.101
32.843
54.926
87.551
62.482
55.233
11.457
82.916
31.949
72.585
53.604
65.802
33.372
54.074
51.496
24.942
67.796
40.08
72.24
38.098
5.322
62.603
60.336
80.853
89.375
76.003
32.448
71.794
67.467
52.473
72.587
20.709
21.563
64.683
90.811
71.469
38.266
85.041
44.45
45.291
48.377
76.305
71.795
25.358
43.898
28.471
3.567
49.931
71.503
73.811
52.8
3.28
70.127
49.881
53.342
54.676
29.266
82.242
56.161
38.422
34.554
71.271
70.501
38.306
16.3
35.495
51.453
70.94
34.184
52.354
23.023
94.378
76.831
54.948
50.803
97.932
9.4
71.702
56.388
42.732
33.462
10.732
39.214
22.549
34.055
71.506
19.791
61.064
58.229
24.309
44.748
49.718
35.594
51.612
38.889
7.067
72.56
45.841
47.326
50.75
93.122
86.313
51.012
66.831
56.742
60.386
32.486
92.997
58.05
45.432
53.003
48.901
36.631
49.818
2.089
56.873
33.502
52.621
79.454
34.236
79.591
99.303
8.552
47.364
63.751
34.114
51.406
12.859
33.989
70.769
41.128
49.384
83.485
78.182
74.455
44.232
51.313
64.832
84.175
25.688
49.988
15.169
32.187
56.057
36.569
46.942
93.883
43.597
58.255
32.346
38.354
78.692
89.49
60.254
68.452
39.311
70.512
86.265
17.237
62.289
77.069
29.147
16.443
40.602
34.254
97.696
92.568
12.727
21.709
11.672
9.834
89.127
43.195
84.546
73.096
70.088
50.258
42.987
90.702
62.136
7.956
47.476
75.698
77.692
52.812
64.48
66.59
77.256
7.79
56.107
67.093
45.913
94.575
79.146
74.232
16.22
46.96
55.83
59.215
94.902
49.716
69.885
24.909
67.749
32.501
64.238
81.847
47.911
26.683
53.079
7.211
48.263
37.326
51.216
40.399
67.835
45.004
19.557
50.469
97.006
85.799
73.101
99.921
53.731
34.614
45.318
40.337
72.723
89.338
42.048
35.882
55.217
44.382
25.346
47.982
51.603
60.076
57.852
86.133
60.819
62.904
71.958
49.748
74.131
41.129
70.537
17.701
26.254
38.909
48.293
52.658
97.585
2.836
87.866
53.951
84.774
40.136
47.725
0.638
61.073
79.58
65.764
49.872
63.643
35.974
68.814
40.665
88.85
38.923
72.291
68.849
29.955
50.08
45.353
64.125
71.156
52.418
73.691
32.944
50.252
71.286
96.783
25.192
93.142
22.091
77.775
41.49
37.296
51.267
51.828
26.917
65.35
56.511
66.159
65.48
13.648
55.02
61.894
92.006
47.368
16.418
35.887
93.431
32.917
37.606
0.512
67.29
95.227
46.179
69.874
66.172
66.964
32.713
45.957
95.336
25.065
47.352
41.176
86.965
40.3
31.646
59.599
48.73
86.803
47.752
44.071
64.311
44.623
29.107
48.268
45.834
29.588
71.054
78.534
89.219
37.873
96.824
3.92
31.405
1.756
75.24
48.732
48.654
28.541
56.641
31.165
43.646
73.564
50.215
78.036
44.404
4.564
68.356
78.599
8.325
12.213
79.701
23.262
48.843
62.993
58.203
26.157
40.233
48.97
86.134
2.862
49.4
72.803
62.15
56.328
23.944
23.637
58.955
44.32
65.171
63.248
73.728
18.376
43.824
99.46
11.899
18.007
56.085
74.295
86.841
41.948
54.504
17.761
68.297
14.559
74.727
49.744
36.418
37.635
4.938
42.296
47.788
45.774
39.738
33.858
44.115
62.577
24.409
59.501
49.589
76.07
9.988
57.807
55.016
58.82