99.935
55.773
55.94
0.187
41.982
93.839
26.821
49.685
51.321
62.661
58.202
36.753
46.521
67.465
52.463
44.521
37.606
38.233
45.917
32.136
47.737
34.455
4.989
42.42
74.324
39.079
47.303
74.472
72.665
22.729
41.639
39.458
62.246
43.52
41.334
34.796
46.158
52.513
38.097
58.187
63.252
58.445
80.582
56.017
73.437
57.982
73.41
72.803
43.348
45.095
15.099
70.995
90.325
11.08
5.794
63.188
36.094
71.067
23.47
26.078
50.517
43.909
41.181
7.391
70.75
77.857
79.641
54.752
60.374
45.927
52.602
6.826
73.452
10.035
67.457
0.96
36.529
41.683
42.54
56.166
51.636
32.053
30.695
38.905
80.634
66.895
37.044
46.123
83.382
80.86
28.779
47.492
27.257
93.031
0.725
28.566
44.285
8.935
47.832
93.375
65.742
54.478
46.828
67.122
99.857
72.312
41.741
8.259
83.615
49.637
35.841
83.789
70.073
35.038
73.615
18.529
43.958
44.151
48.274
74.303
33.291
21.568
44.459
28.014
2.434
44.544
42.299
52.982
95.757
39.544
98.255
63.655
62.115
90.93
51.919
18.689
55.767
63.739
52.576
79.319
88.638
22.65
44.36
66.942
25.583
32.45
34.48
20.395
45.303
66.785
44.746
66.235
39.428
64.527
53.453
99.882
48.658
46.698
0.991
53.247
60.17
36.956
47.525
46.033
65.497
96.436
69.955
49.646
71.222
96.955
77.771
0.965
51.021
25.107
45.237
30.965
39.56
69.413
33.124
53.989
76.996
52.252
45.432
63.941
70.755
48.038
85.852
80.217
77.444
17.673
25.579
26.794
21.885
55.648
26.227
56.305
59.759
51.832
47.595
45.116
48.427
82.342
59.287
74.723
58.099
41.107
77.569
20.364
97.941
51.201
73.666
75.77
43.749
19.056
15.368
33.851
71.9
48.81
26.317
23.78
60.914
39.043
47.41
26.382
82.38
73.386
49.3
35.022
38.745
40.822
60.622
66.023
58.441
11.466
25.932
73.274
33.794
87.113
49
9.585
98.766
98.229
0.833
50.733
68.468
11.944
71.523
48.376
52.794
25.65
60.81
50.169
77.915
23.684
55.499
48.103
26.347
35.897
41.694
45.15
11.517
51.408
84.779
36.566
66.053
10.304
92.969
60.473
29.772
0.429
73.487
28.497
52.533
50.664
79.494
61.284
54.624
15.542
95.981
52.025
99.517
5.447
31.262
90.944
7.476
70.095
57.342
83.157
61.346
55.433
63.434
54.309
3.158
61.833
82.087
77.489
10.915
56.315
50.096
74.008
79.817
86.781
30.156
80.541
90.681
86.965
52.724
54.204
52.306
34.591
53.07
53.717
7.648
49.926
35.078
47.067
41.084
6.66
23.315
15.178
65.292
26.668
79.089
46.607
82.426
89.926
78.045
67.891
29.453
22.455
31.607
45.645
52.676
17.896
47.998
43.58
51.035
69.344
47.633
83.403
16.556
65.376
36.069
23.731
56.009
24.963
38.222
18.354
11.871
2.491
46.431
65.698
54.415
75.231
22.045
70.344
58.262
59.897
54.521
59.121
29.662
41.5
12.047
58.819
42.876
85.635
2.409
50.949
45.167
50.649
39.514
46.766
30.909
37.29
22.161
33.377
41.924
27.571
85.938
23.113
23.584
69.315
4.042
40.396
53.379
71.838
57.577
0.993
97.918
72.594
73.857
21.331
84.245
9.612
26.88
28.704
26.437
52.387
56.56
46.875
32.094
75.134
95.933
18.522
48.241
45.752
48.643
13.8
24.508
47.751
34.249
52.15
92.679
28.395
70.45
41.965
44.177
43.829
42.855
76.022
46.941
50.257
35.205
53.679
53.676
16.174
27.326
50.009
63.488
2.347
10.09
55.737
59.191
89.454
19.094
74.555
30.007
62.755
38.769
43.623
53.046
16.518
36.031
84.106
80.553
33.782
50.846
41.958
63.074
51.63
11.473
60.506
99.752
79.242
64.103
37.436
55.021
80.864
34.531
53.204
81.015
87.951
49.034
83.185
54.318
40.762
85.177
72.361
90.502
12.655
30.628
91.549
83.415
34.442
42.084
46.952
80.487
17.299
83.464
46.611
28.339
55.047
71.85
21.555
7.347
35.183
70.819
62.152
78.399
56.842
94.101
51.469
52.855
12.184
31.854
64.557
60.928
13.666
70.634
89.515