31.71
64.274
0.655
26.146
26.4
48.628
43.792
12.074
34.817
46.499
27.755
46.973
35.715
68.46
61.976
76.872
89.627
34.611
52.761
36.861
50.091
49.97
74.118
86.881
53.291
54.071
16.346
20.032
66.685
33.688
73.763
67.446
30.507
52.609
50.697
50.174
76.404
56.027
52.137
73.802
53.714
87.035
48.004
70.189
67.282
64.325
54.044
48.326
74.193
41.737
10.6
51.695
51.884
42.225
69.652
78.9
41.188
26.448
28.741
60.808
89.944
37.746
69.523
20.325
46.997
2.8
36.453
47.354
21.391
11.503
41.642
49.904
36.601
72.744
26.504
44.53
12.343
19.447
27.829
26.04
8.538
51.892
42.536
53.047
71.479
10.786
37.729
38.477
50.968
44.087
43.947
22.398
16.782
15.598
5.037
0.083
15.589
43.797
38.002
82.975
40.165
14.996
35.119
68.92
22.793
27.452
60.251
4.872
46.685
82.888
30.606
46.55
18.295
78.155
27.745
15.414
53.935
45.197
77.646
35.237
83.504
29.046
46.166
59.159
41.413
20.888
59.479
45.087
37.893
82.513
43.277
35.503
64.928
32.128
25.297
78.303
19.406
45.826
29.919
68.632
47.826
42.654
39.684
69.002
54.073
28.731
35.228
84.697
59.134
57.51
87.13
51.399
44.32
49.434
39.393
66.833
7.902
37.762
8.167
72.253
17.16
34.806
64.944
43.98
12.32
57.871
46.676
6.438
48.305
67.589
64.804
41.239
10.468
61.125
66.758
16.444
7.762
28.667
76.89
47.405
59.346
38.398
52.225
19.506
87.204
57.391
31.655
60.324
37.734
58.786
31.931
35.75
54.596
39.052
20.27
60.566
34.801
61.317
62.992
75.1
30.966
59.78
29.707
30.011
29.896
58.842
38.088
34.383
23.285
76.027
72.853
56.206
60.73
51.283
47.878
58.712
24.928
66.675
83.969
58.594
14.625
1.571
14.462
14.302
36.406
56.48
36.429
60.296
53.646
43.454
44.191
55.919
43.187
46.514
55.361
46.53
77.151
45.114
39.651
44.447
43.655
63.147
48.727
2.327
46.308
26.285
63.512
64.711
42.397
14.215
29.296
64.084
57.622
2.7
30.768
38.536
5.963
80.378
48.154
82.456
5.824
32.516
36.587
37.894
20.689
6.74
28.278
40.463
40.773
38.567
62.065
27.565
71.559
44.252
51.842
73.76
52.569
53.844
59.882
17.64
45.615
51.984
48.982
61.912
36.261
14.926
84.411
64.701
11.408
39.262
16.543
50.748
44.509
51.921
45.952
51.136
46.134
72.329
35.696
51.817
66.534
57.769
30.39
61.069
24.623
23.444
68.752
50.806
53.335
81.099
16.396
37.241
5.852
49.267
42.242
53.044
78.109
63.306
4.17
16.367
10.547
54.426
45.549
43.778
75.483
5.54
50.179
14.491
41.895
33.799
43.59
54.752
7.8
80.851
31.821
60.325
29.075
72.236
44.091
21.765
25.137
16.968
22.259
64.546
29.601
67.873
7.492
43.161
70.897
43.817
32.48
29.027
49.109
18.003
47.913
52.392
45.387
31.597
46.569
36.067
82.614
69.159
30.834
47.314
78.606
4.383
36.188
0.223
58.519
1.868
6.1
39.912
44.883
57.616
57.109
22.933
35.394
3.369
61.524
24.356
52.318
11.368
54.109
42.858
54.124
41.94
9.227
73.111
88.425
33.392
21.132
21.285
52.6
77.614
46.183
79.364
57.822
40.515
52.977
34.035
61.04
32.146
33.099
4.282
25.003
32.089
51.277
57.56
40.916
52.614
28.232
8.682
85.379
33.843
63.28
45.338
47.193
80.745
54.668
18.677
44.705
42.92
88.279
32.309
63.414
7.832
61.065
55.078
76.282
48.024
89.445
50.874
47.258
53.514
48.671
33.94
20.749
54.869
81.972
54.644
60.298
67.445
71.088
86.047
57.974
54.527
60.37
56.02
73.659
24.642
18.181
53.878
43.788
81.189
58.566
56.756
15.92
46.639
66.449
14.97
0.718
39.192
45.338
62.758
48.616
19.439
58.538
48.735
20.33
34.661
31.883
52.859
77.751
45.574
7.621
29.802
60.609
5.507
51.139
39.313
64.032
35.318
35.849
74.352
51.49
0.168
43.883
2.563
38.566
50.687
54.009
46.477
39.047
19.292
57.516
5.75
34.321
50.156
52.574
88.6
51.268
44.503
16.732
19.31
17.281
44.455
13.293
63.26
49.727
52.523
48.923
43.64
64.586
78.502
31.98
57.437
62.398
28.338
48.384
6.871
65.752
41.12
21.115
21.227
77.427
22.385
44.227
38.913
45.799
49.064
80.272
49.105
58.097
35.93
27.671
31.182
30.14
31.431
28.48
1.203
49.217
29.586
29.03
49.774
27.326
51.537
44.336
43.238
31.594
45.813
22.607
43.995
71.246
84.772
69.167
53.168
39.986
65.257
68.031
16.589
46.69
48.871
29.077
71.843
30.631
21.054
28.126
23.816
87.738
60.64
74.132
42.613
83.549
43.477
74.249
30.132
43.394
45.988
75.781
43.926
3.522
71.533
23.284
86.36
58.186
29.9
26.215
68.906
40.864
11.052
13.531
66.159
47.347
39.856
43.683
25.132
60.6
7.123
37.927
73.535
42.486
14.51
37.519
85.309
7.417
31.196
34.922
54.144
53.196
56.767
79.101
66.475
63.268
52.941
78.532
55.244
57.158
46.695
40.733
68.734
24.285
28.628
47.104
39.372
20.023
75.719
23.886
39.163
19.741
50.524
42.427
32.222
18.635
30.445
24.149
43.863
64.223
61.138
24.448
78.771
71.024
84.916
46.039
27.611
66.826
42.304
27.045
67.85
51.869
4.872
64.977
36.79
19.608
41.175
33.95
34.823
5.364
76.282
50.224
11.916
43.518
30.338
53.149
51.343
7.555
88.14
44.801
45.213
12.83
41.841
79.644
36.809
30.035
53.427
66.484
62.345
58.783
38.444
40.036
52.282
45.869
46.765
66.984
23.614
77.389
39.572
52.911
53.374
29.509
75.759
49.57
22.645
33.884
26.425
0.725
52.958
41.803
60.217
3.181
76.256
17.236
18.12
44.562
81.912
49.871
51.557
73.012
84.555
66.319
37.076
79.599
72.651
47.104
67.52
73.272
5.397
69.259
59.067
8.21
10.175
72.784
44.972
30.791
42.064
44.409
69.727
43.056
70.132
29.895
45.827
50.287
1.791
69.717
73.098
46.634
50.433
41.693
43.456
4.366
37.374
6.639
64.992
56.906
45.712
54.757
3.465
60.123
88.385
33.04
50.886
67.013
44.946
31.727
48.699
11.413
22.734
33.173
59.604
43.454
41.769
60.365
17.885
7.927
52.303
46.6
22.747
27.042
25.733
53.877
46.293
38.938
88.642
68.741
13.417
30.42
73.683
45.537
79.438
71.456
55.293
17.405
41.128
21.237
69.925
51.62
85.183
69.025
13.861
31.571
53.323
67.582
40.92
10.444
70.339
64.494
34.363
38.458
52.034
15.686
86.245
77.55
47.045
18.928
23.879
9.922
3.293
39.34
60.554
6.241
39.058
54.525
44.141
78.576
22.971
39.677
51.15
7.468
84.285
32.577
66.56
74.913
87.076
38.524
37.396
65.222
30.206
35.912
5.413
54.9
44.927
78.891
25.449
35.846
28.548
87.001
55.45
50.359
46.372
31.797
39.208
58.584
81.046
44.082
68.013
41.397
41.089
13.991
43.354
74.349
60.404
48.542
70.695
43.773
71.492
68.589
30.96
76.864
47.913
65.435
15.171
80.823
2.705
34.509
77.476
38.297
41.025
35.68
31.214
28.623
45.622
37.769
54.749
79.689
87.014
87.385
62.573
50.225
35.111
43.815
38.603
32.95
26.835
36.067
48.718
25.587
52.674
46.407
69.237
7.86
37.446
34.943
15.086
55.837
6.014
44.058
32.245
46.374
26.912
26.313
4.425
78.625
47.684
29.044
84.557
42.804
18.699
66.667
39.429
20.715
29.278
61.157
2.153
73.758
58.232
3.291
23.365
37.301
35.552
86.345
86.719
10.624
33.498
53.136
80.929
74.557
21.183
49.121
79.034
76.548
70.874
72.613
35.594
47.394
58.021
57.987
50.813
54.346
0.65
47.59
38.628
40.131
78.143
4.483
18.912
34.833
67.939
41.996
8.398
80.39
4.566
30.773
9.979
72.932
39.758
41.331
44.568
16.309
47.255
64.093
17.948
38.584
46.83
13.453
27.555
46.836
61.649
71.81
26.365
10.412
29.652
43.759
42.163
64.541
53.796
68.324
67.331
80.969
25.989
36.238
65.378
76.803
49.282
27.011
36.416
43.923
63.389
68.108
55.214
20.673
64.618
52.679
75.09
42.344
73.837
65.062
53.673
58.444
56.714
47.714
32.381
49.93
83.936
53.825
50.721
51.3
54.286
47.898
54.845
41.487
8.287
39.638
87.246
62.065
33.497
41.157
27.379
55.283
26.736
30.621
81.296
59.991
67.334
10.468
30.103
5.194
7.979
22.911
27.596
12.857
48.542
59.468
6.476
50.897
82.185
14.983
67.139
50.816
80.912
42.178
51.333
21.883
10.454
44.054
46.268
44.805
44.297
34.015
56.079
69.318
29.625
68.057
31.37
25.062
60.196
37.437
43.046
61.575
41.673
77.395
22.052
16.073
21.049
47.011
40.08
82.922
59.057
49.663
62.426
2.947
34.498
87.47
41.118
52.486
18.65
64.729
45.879
41.392
25.02
74.153
37.591
54.761
84.344
38.259
36.111
18.628
67.537
42.414
42.107
65.453
36.575
59.157
42.271
36.112
81.036
27.829
34.071
67.368
65.173
78.621
89.167
19.59
3.324
31.471
54.204
18.231
53.98
13.774
55.109
42.751
45.162
12.847
4.076
37.026
50.975
45.761
17.167
48.884
64.603
34.889
48.064
65.936
38.494
60.155
89.332
40.384
61.681
56.171
75.287
31.979
46.904
43.575
24.366
67.015
22.232
27.089
21.413
35.134
21.71
46.938
11.022
13.043
54.649
14.079
86.454
19.443
68.791
79.07
47.634
28.054
57.836
39.077
72.261
60.787
58.33
46.165
28.711
42.186
59.421
30.455
65.351
84.885
78.684
44.788
54.577
71.366
46.549
26.092
46.754
59.727
44.053
83.551
17.856
43.122
46.38
67.631
48.592
27.672
42.344
36.349
7.879
2.715
61.996
3.613
63.027
38.822
59.379
89.788
57.48
53.161
88.075
28.504
18.038
38.165
1.751
69.174
36.935
16.906
41.365
33.984
29.031
14.46
41.241
55.392
35.324
53.45
14.624
27.65
11.296
29.422
85.045
77.353
36.744
25.266
29.272
47.04
67.124
73.326
81.111
31.086
81.925
57.607
33.938
39.766
64.186
78.384
75.009
85.914
14.579
88.502
77.034
8.571
40.127
69.388
44.733
56.574
13.963
58.096
48.094
56.328
16.115
29.178
44.827
46.721
64.75
48.273
25.135
70.224
74.849
62.54
53.841
80.704
46.344
36.045
4.933
52.863
83.895
86.104
0.368
30.019
46.543
45.639
30.416
31.786
20.399
61.577
71.916
13.895
44.413
59.08
44.571
77.592
55.888
42.358
2.705
59.078
67.898
45.693
32.244
72.216
73.902
13.695
39.2
46.843
17.013
61.513
46.669
48.139
15.969
19.597
64.752
48.235
49.262
48.187
22.428
38.555
58.075
49.432
52.313
22.047
27.054
3.313
34.871
45.204
75.451
29.377
40.123
42.413
41.54
52.366
16.118
34.647
87.858
40.047
73.47
52.57
72.99
1.166
37.742
85.51
53.185
63.926
44.673
86.634
71.561
29.202
32.278
46.992
54.99
57.068
47.945
88.997
86.551
31.191
70.379
13.327
39.779
47.701
73.425
51.084
54.453
48.926
80.409
51.369
51.032
38.5
53.671
56.495
45.668
52.459
79.509
52.239
65.92
8.433
33.75
65.011
35.12
73.735
14.999
22.068
88.83
34.467
40.669
21.003
35.073
22.267
28.439
68.791
56.131
23.637
2.538
73.094
75.475
24.763
18.399
68.59
72.585
26.742
11.33
39.064
78.268
69.641
33.943
50.625
45.056
49.996
35.529
48.711
12.054
45.799
47.64
33.081
49.217
51.76
53.277
0.219
48.211
59.995
87.089
48.238
57.279
27.767
37.708
18.978
46.862
53.818
17.173
23.115
33.306
54.169
75.891
20.598
3.184
10.321
68.022
3.377
15.683
7.055
86.838
33.816
58.981
45.146
50.01
87.504
71.431
51.517
34.226
46.003
40.946
75.296
64.66
45.303
67.694
5.657
39.142
70.433
7.099
39.217
8.232
56.5
80.919
48.644
35.682
34.318
71.49
65.718
20.619
28.307
59.276
39.216
54.285
42.959
73.554
56.335
45.376
27.082
18.285
36.975
46.375
70.847
39.894
56.877
29.155
28.063
30.234
0.747
69.922
36.343
53.168
67.531
37.443
6.293
47.213
79.419
16.024
23.939
43.871
28.655
46.683
15.957
46.675
52.33
36.421
48.21
41.808
0.761
38.861
14.734
13.178
41.207
59.923
57.267
59.627
33.005
30.672
42.884
39.493
33.125
60.165
41.755
28.516
35.549
25.681
46.558
37.956
5.578
50.427
73.397
74.704
87.663
88.906
68.141
36.384
80.165
28.7
81.555
11.682
44.319
29.496
52.437
55.428
25.669
48.379
62.536
29.452
34.964
84.917
1.44
64.933
64.432
52.228
32.036
46.428
51.58
51.986
69.193
55.934
37.794
26.912
2.737
22.788
41.529
52.587
23.325
80.352
47.506
37.074
48.443
31.65
42.892
22.446
39.62
43.449
57.499
35.963
42.97
71.83
36.587
51.917
66.609
78.835
62.761
48.091
54.239
55.442
36.677
13.695
38.339
85.889
0.519
50.949
55.512
58.389
58.831
30.196
42.061
43.37
50.613
39.371
39.648
4.256
3.943
3.672
33.247
28.944
45.875
44.384
15.648
59.66
54.51
78.845
44.897
26.542
86.489
10.407
37.922
25.023
72.187
43.765
66.256
16.45
17.689
43.966
7.114
31.341
30.772
52.423
57.874
24.443
44.588
41.881
51.586
37.895
12.671
64.896
65.153
13.58
24.218
48.121
89.938
28.593
12.458
49.326
41.02
25.946
23.732
62.604
75.665
4.248
19.575
66.703
84.223
77.669
66.688
37.979
49.75
89.179
47.868
28.531
43.091
57.85
46.248
55.229
34.732
36.2
30.434
30.919
55.993
69.304
41.427
75.525
45.262
54.767
27.752
4.385
46.794
79.073
61.578
38.049
18.515
66.419
65.755
50.343
35.454
35.516
46.983
40.894
18.151
35.203
42.128
55.659
43.81
24.015
20.281
54.284
55.171
76.819
48.066
46.217
42.375
87.654
59.69
17.023
37.75
54.151
4.107
16.743
52.088
0.682
52.89
51.98
21.473
31.138
15.297
52.572
27.772
16.068
56.005
58.637
77.332
9.529
82.546
56.577
67.451
70.045
58.818
41.613
71.865
36.74
51.411
37.308
41.228
80.896
68.499
62.312
80.565
17.519
47.213
30.392
30.356
59.71
24.302
29.455
59.673
11.887
6.236
66.833
59.727
47.32
54.058
47.251
77.186
41.536
50.113
40.23
11.597
54.213
19.523
69.229
28.391
35.44
45.366
45.673
89.472
43.981
13.701
40.563
24.127
73.957
26.754
83.743
50.523
39.564
89.4
70.825
47.078
84.794
41.226
62.941
83.68
23.152
84.028
37.639
15.991
59.746
48.766
28.373
29.681
87.736
83.956
45.861
21.744
68.786
87.54
41.017
28.743
76.295
49.349
45.986
38.943
66.427
87.118
13.087
55.644
87.43
52.096
18.839
47.962
3.588
82.544
70.051
71.315
20.471
51.77
51.759
55.121
27.338
44.755
28.952
42.282
44.529
24.672
7.061
44.181
38.938
71.517
39.705
54.801
69.34
38.187
50.64
31.91
82.298
55.674
72.657
32.959
36.473
47.528
30.724
60.438
12.295
32.447
50.409
8.112
33.136
69.295
46.463
6.847
0.773
28.515
35.896
46.191
26.491
40.543
32.22
47.634
8.228
69.4
54.37
72.431
81.915
27.875
24.17
5.568
25.211
57.51
37.453
22.316
46.157
16.842
48.918
23.754
65.328
11.948
28.975
87.69
5.746
44.028
45.496
20.227
81.485
38.66
60.644
7.965
84.956
46.549
73.658
41.966
76.641
60.056
81.616
3.582
55.874
50.009
42.589
38.44
43.9
59.276
67.357
32.111
42.38
87.923
65.614
3.113
9.136
78.648
58.862
53.704
46.323
54.195
79.287
86.447
50.42
46.532
79.329
59.242
9.493
53.411
81.67
72.015
39.361
36.213
23.59
59.664
69.689
36.08
45.104
51.233
60.934
31.975
36.003
9.33
80.1
62.138
44.034
25.795
6.792
51.112
36.873
43.828
51.188
59.892
37.484
39.596
73.865
14.192
42.362
60.858
69.654
50.853
59.662
37.919
48.744
60.536
8.917
64.749
41.868
3.007
40.817
85.32
42.129
52.764
51.154
75.537
20.851
50.337
22.792
88.639
85.014
73.635
56.557
63.681
28.733
41.242
74.516
48.757
53.982
21.758
83.234
64.236
62.284
39.642
49.619
47.715
52.434
66.945
41.769
64.639
37.147
20.035
33.545
63.594
25.408
42.29
89.312
33.341
45.892
57.928
58.415
51.373
2.796
50.445
78.567
55.131
48.013
0.294
39.736
36.084
39.471
13.73
69.685
46.112
78.93
11.811
35.14
50.507
71.056
22.966
47.649
9.989
85.105
49.863
35.974
22.579
23.662
79.45
44.038
31.9
38.276
17.597
43.329
30.744
32.445
41.899
50.168
38.987
44.662
2.308
8.195
62.847
42.884
75.006
56.301
44.398
80.913
40.259
56.458
33.849
72.255
58.151
50.699
19.594
28.728
30.492
37.894
14.97
33.43
27.693
53.615
16.102
31.617
6.902
17.07
21.343
36.708
62.929
23.941
52.67
81.537
38.423
2.908
28.958
57.077
79.957
51.263
31.021
72.423
8.487
37.099
78.107
41.058
65.481
62.041
64.99
76.461
42.076
79.166
50.77
38.467
46.975
73.519
63.155
55.414
20.683
58.002
54.392
56.919
59.663
82.596
46.18
45.416
51.048
44.706
23.969
34.86
45.683
65.903
89.595
26.914
42.69
2.032
83.869
11.543
68.044
51.687
72.54
46.975
30.662
36.799
41.591
65.147
43.523
31.2
35.912
48.242
36.715
47.428
87.837
16.889
76.078
54.727
68.801
38.475
43.141
45.454
87.583
67.714
44.245
71.773
68.157
68.255
63.5
49.852
67.201
31.106
48.98
50.26
1.297
21.7
76.369
44.207
41.329
54.382
39.27
84.672
38.644
35.048
67.407
37.514
86.146
48.463
64.949
40.534
71.655
54.094
20.318
65.182
79
44.607
41.039
73.172
59.275
44.326
41.972
47.446
18.805
84.827
54.013
66.561
21.479
57.221
30.342
60.2
74.255
19.297
39.275
34.999
70.653
17.738
45.503
50.87
26.987
32.304
76.91
48.313
43.917
34.532
61.035
48.023
40.909
50.366
28.106
25.29
83.165
12.018
6.347
39.5
32.835
47.44
86.748
1.378
45.799
43.079
17.27
45.776
49.592
68.359
87.978
43.246
74.845
66.577
43.246
52.827
24.968
73.124
41.207
37.661
72.306
15.935
8.008
26.6
71.481
10.281
55.076
62.458
44.263
42.254
54.171
8.595
48.22
78.928
40.309
1.793
29.228
67.034
37.778
52.643
44.601
41.598
66.843
34.244
30.9
33.614
37.729
82.946
40.251
26.733
77.428
39.408
35.774
55.718
49.506
36.183
49.272
42.698
39.13
66.805
82.855
48.454
14.104
55.316
30.123
41.105
52.784
37.95
18.298
60.887
16.205
24.068
37.037
44.399
69.787
33.746
32.131
21.586
41.413
52.655
53.719
25.429
34.005
35.511
38.497
63.148
40.253
5.392
26.759
58.058
51.719
34.567
33.027
47.429
52.635
78.631
19.711
69.151
47.487
17.384
4.13
36.84
39.38
78.853
74.655
56.193
41.406
33.27
24.064
55.289
16.114
10.531
22.607
26.445
54.56
46.645
64.803
43.306
43.264
13.05
55.712
5.294
43.329
48.261
21.785
11.493
36.136
79.59
73.134
41.543
45.891
15.271
48.703
56.384
25.972
31.245
56.86
35.934
39.347
16.659
71.116
58.33
83.68
41.295
47.375
40.816
49.751
38.515
61.609
44.726
53.214
44.471
38.264
31.794
83.033
16.522
21.803
59.443
64.486
50.78
84.547
45.283
21.176
29.262
10.373
45.8
73.628
13.72
25.135
61.351
6.43
20.023
59.111
29.171
55.112
43.043
59.044
20.399
49.035
81.719
55.667
57.689
28.606
46.283
33.143
51.694
30.988
1.254
39.69
54.226
66.764
39.931
30.023
32.484
87.857
64.238
68.735
59.548
29.485
39.977
23.426
59.057
30.063
52.444
34.497
73.573
25.31
78.921
40.671
10.29
40.3
75.635
16.137
59.396
37.452
45.57
47.29
31.641
38.509
10.988
12
36.393
43.497
17.459
69.797
78.34
40.007
50.91
45.122
76.4
45.299
18.542
43.137
57.472
34.796
39.785
85.414
87.408
31.89
47.057
39.025
37.031
77.533
72.302
48.426
48.253
46.328
27.905
58.651
17.47
78.402
65.637
70.484
40.207
40.554
43.847
12.115
56.931
10.926
41.108
36.304
23.664
82.839
12.623
59.939
69.376
23.145
70.906
37.435
49.106
59.352
47.074
71.566
59.871
78.638
52.973
74.032
39.015
56.745
42.926
74.55
49.004
58.283
37.929
47.431
36.384
53.086
46.972
4.017
46.149
74.72
44.46
67.614
46.088
37.43
22.361
48.09
40.395
39.653
48.281
15.943
69.848
53.844
55.975
56.188
38.684
75.92
60.593
37.288
34.751
29.558
31.199
47.034
78.766
65.527
28.302
35.082
71.48
44.905
12.294
44.028
59.271
32.323
42.663
64.337
40.784
43.551
63.078
42.513
55.797
79.777
59.713
73.119
72.416
43.648
19.996
63.165
39.566
61.946
13.672
77.372
66.821
67.226
41.64
19.07
80.383
28.755
86.371
55.946
68.283
59.451
35.901
78.198
60.736
50.078
39.885
31.189
45.295
64.17
42.935
35.867
16.522
32.32
84.699
39.087
60.085
84.86
32.327
77.67
77.522
68.424
57.599
7.894
26.042
45.618
70.235
54.921
79.117
19.94
66.147
46.728
54.762
25.508
88.31
33.192
8.234
13.294
20.964
34.808
33.545
36.442
35.848
42.318
57.461
88.24
39.409
25.769
45.601
49.678
46.696
22.521
10.598
46.123
12.591
56.683
71.711
74.132
1.607
50.367
5.919
38.845
39.622
49.413
64.938
43.098
64.949
74.268
48.223
26.084
11.778
14.195
45.659
46.114
20.51
32.758
18.732
13.894
20.431
5.582
41.337
86.211
47.951
57.421
3.979
71.414
30.836
81.201
20.751
54.913
79.694
36.801
37.354
44.803
51.364
81.818
26.161
37.43
56.29
53.721
65.352
47.509
25.529
52.264
51.195
40.779
19.142
42.295
56.288
24.932
38.395
41.866
48.832
62.893
27.714
60.796
37.169
63.202
24.671
47.064
43.785
40.889
25.056
63.352
52.585
58.467
71.4
49.463
62.999
27.627
72.558
55.63
7.084
67.828
65.693
76.222
15.313
27.346
29.592
85.301
26.748
18.971
45.805
83.192
69.039
76.286
19.369
16.964
34.673
0.987
86.996
89.445
41.036
50.885
62.226
41.605
27.566
26.277
54.195
68.177
50.48
45.068
50.752
84.268
33.929
57.74
14.511
31.818
41.546
41.755
19.436
42.117
65.478
50.292
57.367
11.792
65.625
49.008
7.855
33.077
38.492
36.477
47.69
57.162
33.49
51.536
88.526
16.074
20.733
56.466
45.216
74.508
48.715
44.311
40.495
62.083
78.404
58.849
38.166
0.604
12.799
16.747
62.69
85.379
68.415
46.258
42.176
44.136
41.704
4.737
62.626
32.476
15.1
19.784
23.33
40.634
68.486
65.732
35.613
73.438
46.299
50.122
52.656
34.108
46.504
12.951
6.656
39.164
36.605
33.876
5.206
18.523
77.745
58.391
57.206
36.811
37.012
75.72
35.213
56.112
49.693
1.076
44.979
73.402
39.257
47.524
80.405
49.76
64.52
84.955
67.468
55.902
62.147
18.422
88.625
52.005
33.468
68.223
19.265
50.023
34.524
54.19
55.483
25.28
46.129
61.427
61.518
13.518
16.377
34.514
50.27
42.733
40.332
46.942
64.75
41.838
20.428
56.915
83.697
25.194
64.368
46.629
65.999
72.707
36.187
8.376
53.051
40.95
24.921
48.028
59.478
4.794
66.258
26.621
41.54
72.87
6.348
13.719
80.347
37.507
0.742
87.477
62.563
44.835
1.728
53.744
66.075
28.289
54.048
89.3
64.642
56.623
29.698
73.743
86.817
16.158
85.584
7.319
55.5
83.839
85.682
33.337
57.386
68.728
30.747
29.751
76.703
26.652
21.68
38.956
27.171
31.019
66.561
68.072
63.586
83.171
37.896
47.666
84.58
26.346
71.554
32.656
42.187
3.346
41.666
33.873
56.568
5.202
52.299
75.461
76.12
51.504
56.92
54.566
22.615
3.46
49.633
59.135
89.268
89.594
58.116
44.812
6.548
8.781
39.091
20.524
69.779
34.33
74.011
35.568
40.002
58.501
45.023
1.566
10.618
0.909
48.976
19.102
26.343
51.749
19.023
34.457
74.583
63.896
8.039
67.86
69.397
24.631
13.883
18.957
32.115
8.594
39.079
9.211
27.011
14.37
46.214
42.17
80.356
45.688
54.643
88.693
36.614
82.317
19.874
9.678
42.19
35.312
54.089
82.169
60.447
76.878
65.006
68.787
68.072
42.835
78.699
47.868
58.498
21.759
43.995
47.904
31.437
34.186
27.186
49.147
37.368
53.747
34.736
21.046
21.756
50.325
17.236
81.408
23.07
62.003
54.512
54.362
54.505
45.283
4.383
37.424
58.175
72.664
51.199
15.632
9.17
67.619
29.246
34.04
80.688
11.201
16.871
62.847
27.906
18.361
16.702
44.608
85.61
43.508
71.124
26.302
33.659
9.738
79.579
29.044
56.837
88.859
42.754
43.409
59.762
65.935
41.903
29.435
69.586
75.068
65.915
47.345
69.515
41.291
39.851
62.161
55.657
0.293
59.476
77.205
51.587
82.11
51.762
19.459
45.214
8.113
34.432
44.937
18.93
50.918
47.038
48.972
44.75
44.757
65.65
43.491
76.275
39.96
41.7
42.339
40.871
28.362
41.258
34.533
39.763
49.485
58.474
61.48
31.942
43.739
27.136
48.402
40.689
33.274
62.549
89.768
35.409
72.761
26.853
43.747
32.141
60.065
41.834
59.77
38.195
82.796
56.68
42.516
47.045
44.744
19.58
55.748
88.584
53.406
75.518
63.08
44.314
65.878
21.561
11.587
30.112
33.071
36.611
18.336
55.064
62.927
58.164
20.381
43.638
26.462
49.155
26.809
26.776
34.857
61.851
50.175
42.629
65.941
61.772
37.104
6.074
88.497
43.807
25.121
71.361
58.927
46.842
55.233
48.02
60.671
70.158
68.813
72.724
13.912
5.258
66.973
41.319
53.924
61.271
27.337
9.342
77.024
60.507
38.576
77.777
49.351
1.703
41.835
32.683
82.005
47.686
63.51
31.436
56.975
20.826
29.738
45.226
63.193
51.336
48.382
79.71
38.77
78.212
37.185
62.473
57.897
24.636
28.448
84.056
51.848
37.822
51.022
56.453
34.462
44.187
83.125
64.882
44.859
52.852
56.047
40.764
73.687
35.781
35.507
38.277
72.248
26.815
76.01
34.967
80.098
1.916
40.155
11.859
44.178
18.325
43.775
34.419
47.204
20.703
49.488
48.835
66.513
42.81
14.585
20.407
39.4
52.055
61.097
31.269
12.42
47.651
46.251
59.379
29.294
60.45
27.936
56.157
52.077
33.534
46.04
4.939
19.617
37.437
55.867
29.299
39.523
6.048
34.63
41.451
64.374
27.671
63.144
30.721
28.781
35.855
70.826
47.23
48.65
44.862
13.325
35.57
37.444
79.673
31.194
12.272
47.726
2.377
71.836
6.863
69.983
46.355
30.538
78.335
51.991
24.934
39.405
14.603
8.616
28.74
38.685
70.914
34.306
75.426
38.163
21.067
9.705
12.144
42.312
79.746
24.533
78.377
15.926
34.695
19.621
36.502
50.597
35.444
42.299
34.633
33.861
71.79
41.465
74.384
12.062
54.659
46.311
81.009
56.115
63.62
50.18
50.777
8.394
24.75
81.843
11.164
14.552
41.93
31.822
23.831
42.859
31.018
48.525
47.993
82.035
12.237
52.779
48.394
35.475
53.11
29.325
41.394
52.254
44.622
25.711
45.135
44.764
67.933
49.227
50.541
60.444
34.661
68.302
44.846
40.539
20.071
56.397
45.236
34.09
51.753
27.187
65.513
28.87
74.817
8.693
74.521
36.326
52.97
23.66
44.626
7.113
36.195
22.233
79.035
62.991
28.309
20.968
25.65
66.443
43.995
58.638
41.168
35.196
58.341
23.682
30.998
54.133
69.66
69.152
73.147
22.391
74.941
23.275
23.159
44.028
28.534
17.173
67.286
51.402
40.923
64.27
54.056
23.809
9.905
6.299
74.413
38.319
37.446
78.859
30.828
48.582
68.62
43.695
29.467
29.772
50.657
9.656
45.143
33.912
77.171
87.54
53.273
77.312
49.702
43.285
58.087
47.053
26.739
56.764
21.181
58.807
27.714
40.545
17.815
40.145
46.384
37.921
41.498
43.427
63.115
8.961
52.375
45.354
31.165
33.841
12.435
21.536
75.082
46.393
14.66
41.939
38.107
36.387
48.949
43.509
36.319
34.459
6.675
44.505
54.764
30.434
37.867
51.028
21.2
23.571
43.681
0.117
55.1
67.47
59.018
11.903
49.475
8.138
68.257
16.73
62.378
57.751
61.128
47.687
36.013
23.388
56.307
28.823
40.927
45.363
2.609
45.717
48.963
35.168
66.272
11.565
37.975
48.539
18.475
56.397
47.283
25.677
20.065
36.49
30.905
41.827
35.405
45.494
79.668
40.963
34.427
19.804
33.698
74.785
37.753
17.648
26.818
19.332
83.166
44.504
69.955
80.272
48.958
3.982
42.435
51.394
53.907
61.982
83.013
72.223
35.174
41.805
38.503
18.943
54
47.743
34.997
48.307
17.826
53.644
21.148
46.103
81.769
16.491
52.318
24.545
77.489
51.888
78.448
39.172
63.327
42.696
45.044
50.941
46.824
65.818
79.655
86.805
52.543
67.074
61.359
27.994
34.847
61.092
10.786
46.218
29.61
56.893
84.241
34.651
33.347
66.179
22.3
68.147
50.972
28.356
64.958
63.852
58.277
32.804
36.167
0.597
34.193
21.942
66.01
18.337
51.452
64.46
21.896
1.44
50.121
47.266
8.967
57.904
60.364
48.298
6.546
10.746
54.78
38.042
34.586
58.758
26.038
1.01
2.535
12.634
65.172
37.829
59.051
42.094
10.248
52.76
49.721
18.264
41.299
28.785
40.28
31.481
17.713
66.162
35.24
67.506
69.901
44.764
86.739
41.228
28.46
74.435
64.984
42.419
1.169
45.764
27.344
67.713
39.044
12.492
85.743
16.197
69.524
57.234
28.537
76.679
57.479
50.47
19.601
58.917
50.53
45.148
47.32
41.363
44.62
34.213
40.015
77.309
62.367
33.091
58.393
37.169
0.855
21.648
55.061
76.274
69.777
34.508
48.378
20.174
23.868
48.885
25.869
24.965
51.946
86.27
40.238
39.066
42.023
41.432
76.242
28.551
55.149
63.618
39.186
41.049
35.539
43.012
18.241
38.677
39.067
29.874
39.148
12.539
47.023
43.465
26.534
82.85
32.226
53.959
60.774
29.275
31.854
40.196
30.234
37.486
58.895
78.051
24.261
34.581
70.158
44.771
23.619
41.396
11.856
33.048
4.603
33.113
57.784
20.178
52.176
47.776
74.832
72.469
25.266
32.015
12.887
38.046
36.187
74.706
49.452
82.922
22.936
31.616
8.739
10.948
55.689
58.382
37.117
32.283
81.575
48.265
57.979
49.146
43.411
42.547
49.179
40.271
7.114
69.491
41.372
49.501
41.052
54.972
71.518
65.508
67.764
78.927
53.219
30.704
48.112
58.924
1.593
58.673
52.771
58.616
48.387
71.042
64.54
87.763
46.535
1.073
50.024
27.233
1.728
48.914
83.024
65.579
62.193
70.865
14.712
43.974
19.782
49.251
45.908
38.387
45.908
60.279
21.752
15.162
58.657
41.66
87.118
86.635
42.461
89.262
45.276
75.456
77.944
50.199
42.391
65.63
40.684
66.196
51.851
48.849
25.372
48.476
32.077
5.073
44.934
29.387
47.749
45.019
14.617
3.812
33.144
50.933
12.448
35.37
26.724
30.694
42.398
41.025
71.457
55.388
15.168
44.106
56.93
27.359
72.988
46.615
2.514
56
41.614
41.119
72.572
39.856
3.912
47.303
29.232
51.342
73.282
48.062
42.155
62.139
43.724
64.414
45.236
62.846
88.402
33.298
71.334
16.606
26.312
11.23
49.839
50.356
28.146
28.386
50.523
75.933
73.042
37.386
22.334
72.505
42.352
31.343
7.003
12.444
17.789
9.051
68.426
57.659
40.9
15.426
33.879
33.677
19.65
45.613
40.261
29.039
89.274
45.768
66.877
45.213
49.332
14.019
46.573
13.716
38.579
43.116
48.214
30.177
54.602
52.896
44.189
82.139
42.514
30.985
79.533
73.039
29.453
9.159
8.097
54.714
1.322
40.92
13.496
20.642
84.254
27.335
53.295
54.687
52.344
53.929
65.291
45.409
66.548
32.074
23.022
51.816
69.843
40.371
60.182
12.263
45.414
62.192
74.192
60.245
12.15
0.874
68.079
50.057
29.106
45.199
71.041
42.247
20.036
33.43
34.908
78.75
67.911
71.328
61.243
72.893
49.78
43.094
29.418
45.447
33.482
46.074
53.561
85.71
47.334
12.488
28.279
15.266
39.861
36.029
61.184
44.699
1.4
44.749
25.703
68.485
42.522
48.951
61.033
46.107
12.248
44.49
39.095
45.218
42.583
85.587
54.953
31.029
47.703
4.918
23.683
48.153
84.738
37.735
72.192
61.27
50.24
34.697
55.78
26.923
79.374
37.223
37.509
54.73
18.85
85.822
28.062
56.696
58.534
70.463
30.786
62.315
46.336
16.061
27.811
43.858
41.481
44.921
81.973
3.809
63.524
17.876
57.16
34.041
27.945
27.494
65.311
85.435
39.952
21.839
86.982
66.79
2.24
54.922
56.664
61.783
43.811
85.876
52.532
72.944
34.864
41.707
26.392
69.619
49.455
68.004
47.986
65.517
10.42
33.08
85.831
30.041
67.563
67.958
37.843
41.12
50.091
56.645
44.079
50.173
55.521
49.856
59.001
49.349
8.286
74.666
78.532
75.445
30.879
39.055
52.969
73.743
4.666
47.806
40.16
12.513
53.302
4.499
55.199
84.938
61.317
74.158
27.998
47.925
48.03
49.683
26.815
44.727
21.38
52.441
30.075
22.353
62.714
75.941
68.802
24.487
28.337
48.831
42.995
9.142
41.686
66.475
52.507
74.059
34.375
27.585
52.703
43.774
46.216
24.611
41.634
1.097
39.02
28.256
68.146
14.472
86.967
15.246
54.276
52.23
54.625
12.548
40.734
44.993
73.271
41.699
81.795
82.374
65.783
39.892
11.167
61.507
61.693
59.439
40.128
23.072
31.474
60.248
25.138
31.51
48.217
74.89
60.021
13.228
52.053
32.27
21.381
84.713
78.626
53.043
25.432
49.466
49.176
59.542
14.168
28.62
49.109
71.435
19.724
44.164
80.819
53.48
48.158
39.371
40.058
72.563
68.506
15.019
45.836
38.822
27.012
10.034
52.767
8.785
85.828
27.682
56.55
36.174
71.044
39.488
25.953
71.186
74.753
32.004
34.935
42.447
45.757
73.475
45.641
59.811
39.037
42.117
46.014
24.533
31.705
28.297
57.788
59.359
48.457
7.993
36.202
19.072
47.642
38.188
53.28
38.95
37.99
51.685
34.88
68.301
6.473
7.066
54.624
86.111
6.116
88.254
30.265
50.809
39.426
57.044
23.924
37.357
63.66
54.74
75.014
15.48
47.269
27.874
87.558
41.707
42.004
28.522
54.361
80.891
60.683
36.596
28.89
78.405
48.655
56.006
50.484
35.924
40.988
19.085
30.246
55.704
48.832
81.604
36.178
69.852
48.368
62.54
3.794
68.824
64.547
16.976
60.819
56.252
47.274
53.065
68.867
66.258
84.95
56.553
88.702
49.472
59.561
12.851
36.86
14.671
50.416
2.659
28.674
42.621
56.594
60.069
35.956
73.809
34.09
26.838
31.653
47.795
12.584
60.975
57.886
8.788
31.62
84.869
26.364
51.666
69.115
54.08
47.294
56.057
33.826
56.903
10.761
18.609
56.237
59.417
82.89
33.5
36.612
46.579
85.109
53.927
36.473
33.523
38.892
88.341
54.692
45.82
43.53
79.412
47.199
52.69
22.064
60.731
64.737
15.835
16.878
49.964
39.345
43.382
11.888
7.519
71.621
81.291
76.259
41.922
27.387
10.261
55.283
44.222
61.871
17.709
49.031
70.922
21.753
41.576
27.398
25.502
16.604
80.011
28.622
37.254
73.706
77.693
41.355
35.67
29.865
46.784
27.56
40.823
42.582
57.372
24.038
22.381
81.78
65.046
50.035
82.828
64.641
40.401
34.137
81.593
68.548
14.062
67.539
42.53
17.456
38.781
46.137
36.548
54.834
21.724
45.123
51.88
38.242
52.996
47.64
27.43
40.61
43.158
6.246
14.855
78.423
48.452
42.766
3.577
75.704
44.574
20.481
63.818
31.08
12.659
45.805
49.356
44.13
86.421
63.399
16.676
75.996
73.175
63.711
37.825
15.384
48.21
49.372
55.107
81.547
34.913
31.231
42.848
9.203
31.288
13.146
11.788
20.041
33.906
44.524
55.208
38.042
19.136
32.043
42.172
44.896
43.77
38.851
34.931
80.966
67.6
68.831
40.237
45.782
55.606
62.421
65.35
51.328
55.606
58.037
0.378
37.157
57.651
54.644
8.156
41.537
7.129
10.481
31.283
41.988
27.717
71.611
14.308
27.127
27.105
83.663
84.673
34.159
0.209
44.789
82.848
5.603
42.226
51.589
73.832
32.486
19.265
5.413
83.204
27.063
58.499
18.996
20.293
22.652
78.756
67.376
63.162
7.82
27.236
29.276
28.5
88.039
43.032
36.173
71.946
57.849
33.55
45.143
47.658
40.054
71.129
59.458
47.918
48.556
29.109
40.167
26.266
55.191
47.155
40.175
48.772
31.638
37.681
24.085
8.816
5.801
51.306
35.72
41.497
37.88
58.963
57.714
40.827
18.693
0.283
46.382
0.882
6.903
44.138
43.83
78.726
48.076
70.236
54.832
26.504
52.627
43.177
46.789
37.63
46.751
53.997
54.788
76.262
62.81
36.804
41.69
29.072
61.029
12.792
61.034
50.941
51.626
14.554
57.674
40.538
35.685
47.534
62.412
63.218
34.37
23.939
36.241
86.691
3.366
67.569
25.04
44.197
83.965
8.566
42.214
50.706
45.619
32.802
52.396
21.103
41.974
2.309
17.862
79.33
38.004
46.113
81.196
74.261
86.459
68.024
36.193
30.463
68.211
23.061
43.537
40.72
47.482
34.941
55.587
54.274
12.452
24.391
31.113
39.272
17.199
45.047
3.488
62.176
22.389
58.073
7.976
68.429
50.414
39.986
71.188
76.498
65.232
48.751
73.096
20.824
33.197
72.1
25.663
69.413
29.893
63.28
28.793
78.158
69.89
48.138
69.862
62.788
71.445
57.954
7.965
64.737
51.093
83.359
15.233
75.051
88.091
73.504
59.207
3.152
88.397
12.963
43.371
32.097
26.62
8.256
42.898
34.686
19.67
59.791
76.409
39.616
26.642
73.022
44.813
36.312
47.552
67.527
54.112
41.279
18.243
4.549
46.149
77.025
14.649
55.787
36.15
6.571
3.717
43.414
79.104
65.683
42.853
76.546
33.884
34.078
53.985
84.541
59.84
78.847
70.186
40.887
75.483
18.47
29.043
89.134
68.215
30.196
43.13
35.784
41.359
27.081
40.257
59.87
9.317
47.001
19.216
33.897
39.212
24.483
38.933
10.277
30.063
80.191
66.362
85.477
55.282
67.664
39.5
62.703
37.691
19.792
47.017
72.947
39.119
43.784
1.91
32.94
46.54
56.864
38.521
59.144
28.403
32.059
48.884
2.386
64.395
71.102
44.806
60.706
23.461
31.09
48.369
67.256
79.619
57.357
10.407
7.814
39.934
17.538
55.893
54.434
23.042
29.597
65.32
77.66
63.927
18.176
48.303
54.22
43.604
35.512
58.755
40.16
0.508
79.494
27.498
50.832
46.696
56.135
51.778
68.31
83.956
42.457
32.57
49.496
28.613
83.084
45.352
16.509
47.05
20.663
9.172
66.508
55.005
57.957
72.568
31.375
51.394
51.03
34.345
83.872
13.321
10.276
10.237
63.907
13.426
41.478
66.171
75.143
25.545
7.336
52.405
62.566
76.127
51.949
24.561
33.615
1.829
55.967
29.189
16.786
84.292
81.203
41.505
49.07
49.771
69.199
47.516
2.021
5.84
6.117
49.64
14.697
52.89
14.436
6.253
39.933
52.676
36.819
54.237
49.323
27.708
50.583
56.21
86.581
23.385
43.638
51.002
42.785
47.233
41.895
69.048
47.797
1.039
43.68
61.734
0.075
24.162
42.877
85.902
43.788
87.41
59.469
12.122
73.815
24.808
50.765
9.324
34.017
27.582
28.031
24.874
37.281
63.078
23.382
45.549
57.229
35.956
6.797
74.936
64.506
43.605
43.472
41.855
67.258
52.625
28.512
36.775
59.158
84.174
32.552
59.071
54.88
37.99
54.499
32.552
32.039
52.853
0.442
37.877
28.014
66.891
41.328
10.272
36.356
37.983
30.475
69.367
42.802
14.519
35.156
39.383
87.66
38.686
32.812
32.807
12.738
47.937
39.513
50.026
50.298
80.787
53.183
12.644
21.908
59.8
71.073
41.027
71.473
78.107
89.324
61.758
46.511
28.114
9.83
71.837
22.246
43.754
41.503
37.783
45.043
65.088
74.828
12.609
18.188
68.681
43.262
51.067
40.9
17.503
49.964
36.902
51.066
18.664
57.011
10.391
6.96
43.592
80.803
8.753
52.327
21.707
64.933
56
39.931
79.136
66.45
43.956
44.946
62.384
29.296
31.431
51.903
66.662
34.491
28.344
21.285
86.443
69.243
50.387
45.549
64.884
25.818
35.212
64.352
55.954
58.581
11.918
69.81
20.014
63.791
37.611
85.426
9.875
60.027
46.219
64.87
44.717
47.907
34.207
6.386
25.708
77.186
57.159
61.111
30.848
28.536
8.564
27.175
79.71
0.5
89.427
29.265
68.921
60.389
71.729
59.808
16.16
35.001
29.838
62.792
2.908
44.227
29.111
47.013
45.48
51.188
5.039
43.244
18.736
69.306
40.722
76.614
51.658
18.498
18.492
54.162
42.888
54.768
71.706
68.677
46.58
51.966
81.984
1.232
15.756
9.127
44.104
23.499
54.434
56.391
63.678
37.498
59.53
85.174
18.977
47.065
55.375
61.406
72.409
42.873
67.139
50.615
45.591
2.749
32.262
38.747
5.68
28.491
25.688
41.778
47.123
60.792
46.932
65.595
64.693
18.683
42.574
45.737
20.092
6.304
44.571
35.349
49.852
75.699
50.924
85.424
15.302
31.268
45.034
47.149
39.196
71.49
47.639
36.142
62.495
30.749
49.92
43.748
17.656
0.933
50.732
21.55
24.552
67.467
8.527
70.704
16.933
47.119
20.458
40.643
66.192
3.237
0.804
47.373
46.201
14.652
40.681
5.576
61.24
73.982
36.184
31.543
8.592
52.09
20.6
42.749
47.301
39.751
7.007
26.349
46.35
57.804
6.077
78.139
51.777
48.813
54.192
0.63
75.012
62.063
70.13
28.264
31.768
55.225
25.247
36.331
71.557
45.287
68.811
81.47
10.062
49.639
42.327
48.334
77.726
13.224
70.676
78.251
2.867
0.329
40.771
50.427
53.071
74.922
81.299
39.69
60.702
46.462
4.05
84.859
62.061
46.874
16.112
37.048
70.318
39.511
22.086
68.928
42.036
58.112
25.405
58.673
33.207
33.559
33.044
19.146
36.245
22.596
42.188
11.07
40.211
65.489
31.626
20.277
70.796
2.253
27.061
50.391
42.017
45.212
68.97
7.656
47.752
55.573
53.199
22.673
21.423
49.705
71.614
56.754
23.611
43.722
45.209
42.005
39.258
59.953
44.629
34.212
26.99
22.064
33.829
28.899
36.849
29.651
49.365
1.078
15.946
61.829
71.467
1.13
15.478
76.777
89.338
82.311
69.759
79.552
27.966
47.361
31.16
74.409
34.169
6.624
4.497
28.629
28.244
50.211
40.178
51.412
63.617
46.186
52.861
84.013
46.195
36.606
61.41
18.711
15.395
52.887
33.806
53.896
63.2
21.678
23.466
28.384
4.318
50.266
70.533
40.776
8.952
64.663
54.089
15.277
61.657
21.958
49.851
69.003
44.038
50.183
87.929
38.987
35.673
85.923
52.557
17.562
30.459
58.684
63.094
34.83
53.323
32.287
32.997
28.448
59.576
63.675
72.479
0.504
36.394
80.254
68.667
28.781
23.323
7.613
22.014
66.778
33.996
76.161
61.615
56.956
62.658
83.151
45.145
35.749
54.252
34.835
42.147
69.18
35.556
41.601
60.821
36.542
57.021
46.614
21.362
74.253
45.458
37.718
71.786
30.704
51.502
68.571
78.188
58.887
55.923
67.713
12.264
18.225
4.082
67.659
70.474
31.002
69.451
14.027
26.143
27.905
32.368
8.293
13.02
48.049
18.871
53.366
43.422
72.501
47.531
33.709
10.479
12.805
17.662
76.151
31.538
53.161
21.463
86.734
29.149
41.317
47.66
67.245
86.714
27.711
35.423
66.067
62.886
60.605
38.086
9.061
77.538
55.715
23.671
60.994
3.18
3.073
35.127
41.099
59.793
31.245
47.429
52.238
40.292
43.536
48.107
34.865
57.402
19.506
9.514
79.173
26.672
32.118
57.733
40.948
27.443
55.925
80.741
81.111
67.526
25.708
51.115
60.582
43.751
37.362
77.167
64.691
54.401
31.191
25.398
54.099
69.511
6.226
37.821
38.338
52.979
26.606
15.217
42.543
75.536
18.119
71.622
50.786
15.086
10.995
17.301
44.563
39.83
33.771
82.119
51.304
19.771
83.953
59.439
52.538
61.654
77.97
66.499
50.209
22.648
39.186
21.221
38.174
12.332
45.222
45.13
4.685
47.146
19.927
65.436
77.061
37.936
43.762
35.964
75.852
48.804
41.246
77.476
30.758
47.917
34.77
79.694
63.462
53.004
46.097
12.103
37.823
3.698
51.32
44.707
49.479
36.148
73.676
58.308
30.29
0.615
51.229
51.315
56.322
39.856
70.158
61.841
45.529
65.725
24.948
38.192
76.405
44.927
46.086
5.134
38.723
64.853
16.447
86.669
40.128
55.16
30.708
39.287
57.17
82.193
43.48
2.23
83.57
12.401
29.754
44.342
69.728
40.761
52.002
35.982
67.065
81.09
15.698
57.443
88.283
53.101
53.914
43.937
33.64
42.164
40.993
35.434
51.794
22.95
26.159
58.332
52.194
66.146
89.337
75.298
24.609
54.85
73.782
11.684
49.947
63.239
47.451
62.384
36.615
32.105
56.232
38.458
55.334
40.264
14.28
32.676
11.989
6.553
14.033
44.482
10.744
48.893
44.804
79.008
43.596
50.391
39.362
41.315
37.876
46.976
20.045
74.71
60.888
23.68
16.477
85.314
70.006
68.9
57.176
16.53
18.762
59.588
64.27
49.918
50.443
11.614
45.039
49.956
78.948
37.136
67.26
57.445
45.05
57.357
89.36
58.761
38.596
69.151
48.161
15.387
39.261
53.214
34.873
13.884
73.728
45.775
46.847
48.493
49.433
38.133
30.229
84.597
16.382
51.467
10.649
21.217
78.621
41.073
28.833
77.962
37.836
66.253
78.376
56.078
59.097
23.108
32.515
73.611
25.889
62.993
31.332
40.796
53.793
6.017
75.166
16.495
76.813
83.743
49.039
75.356
68.026
46.611
82.32
84.403
87.928
51.878
50.742
56.147
32.684
68.047
29.536
5.129
60.729
53.196
55.056
71.068
17.277
82.069
33.94
44.511
53.437
66.608
43.643
50.16
46.257
2.124
45.11
44.631
21.515
54.15
13.969
46.436
4.026
88.061
51.776
49.624
41.33
31.001
59.168
26.333
45.37
58.776
31.773
4.58
35.434
38.291
33.852
49.764
65.124
55.883
48.973
45.003
40.693
80.808
81.851
21.202
43.907
35.474
76.505
87.55
83.954
26.712
31.342
76.984
35.169
36.465
11.454
43.308
45.221
39.183
29.463
29.168
21.965
42.954
22.709
22.876
46.687
21.273
45.566
33.011
56.345
51.531
42.498
58.936
47.612
21.413
52.877
56.518
41.115
88.375
45.402
51.687
56.235
30.336
48.182
18.689
48.184
43.431
35.415
33.043
39.083
88.224
64.344
29.299
36.178
6.096
31.046
61.864
43.567
84.309
12.667
31.307
43.897
42.666
27.852
28.689
50.915
11.239
47.276
44.373
47.312
61.435
3.01
43.438
43.873
17.603
14.994
70.979
48.774
79.851
57.046
64.395
43.305
56.824
29.062
43.973
24.908
66.172
42.736
37.187
45.733
6.708
38.198
80.869
78.29
29.179
36.987
48.153
78.314
46.52
44.855
5.048
47.636
14.844
59.369
48.989
51.6
32.141
21.352
63.642
60.117
87.762
34.117
34.285
67.918
53.353
87.282
54.77
76.083
45.933
43.404
56.943
41.632
52.097
58.41
66.184
19.283
46.719
55.769
32.383
61.576
44.857
24.684
37.353
64.185
78.596
56.926
83.168
31.86
45.88
50.814
79.42
17.794
67.566
71.52
49.119
64.673
58.386
15.032
37.1
21.271
50.621
57.751
24.562
40.355
60.882
70.191
15.345
24.684
14.799
4.439
65.71
37.079
34.912
37.89
28.963
17.224
29.334
14.028
38.588
25.693
30.522
53.923
55.986
64.106
1.003
43.459
43.604
29.626
37.546
57.595
43.619
58.37
2.765
73.62
54.171
43.372
64.951
55.175
38.338
14.769
15.504
17.358
50.416
4.636
47.657
23.988
9.799
50.19
35.262
49.95
25.671
85.728
21.301
78.399
69.52
43.729
48.354
64.005
46.69
68.347
74.626
8.492
0.15
30.411
83.786
2.157
44.714
70.449
33.6
35.853
81.833
14.127
44.485
35.665
25.254
52.549
18.522
82.418
42.116
65.898
40.492
0.354
68.23
27.225
40.474
0.397
88.051
21.841
38.737
56.678
71.503
79.177
34.36
20.389
58.561
78.059
48.546
53.887
15.062
52.614
60.802
43.372
34.411
36.308
26.483
56.006
8.39
9.34
39.645
13.968
81.78
48.745
41.771
57.77
45.424
9.782
70.936
66.397
45.555
0.206
43.567
36.646
4.572
49.526
83.566
29.334
71.818
77.686
53.239
21.834
40.673
25.181
43.309
76.666
46.807
22.06
64.145
26.258
32.522
45.367
68.045
25.851
38.295
32.991
26.729
41.435
12.811
49.27
74.385
80.455
51.817
65.912
20.117
53.612
87.212
64.673
44.176
33.606
46.411
32.108
29.228
19.526
41.729
36.303
27.062
60.12
87.149
73.552
73.76
37.115
50.668
70.015
64.654
48.643
35.235
20.212
75.62
73.034
44.494
37.3
30.495
30.597
23.748
53.759
82.673
32.773
51.08
78.653
23.148
56.904
88.578
73.876
56.529
64.804
9.657
26.365
51.549
49.647
12.174
38.731
43.124
35.185
43.369
3.787
45.954
49.88
81.051
36.756
79.701
10.673
63.537
10.353
75.595
35.68
40.1
7.732
33.088
84.275
0.193
24.807
39.062
52.93
57.355
26.492
74.114
55.831
34.585
57.85
49.588
32.381
18.355
5.277
62.31
65.251
35.621
43.13
32.694
20.356
46.372
36.242
62.833
40.914
6.553
31.037
31.618
54.776
54.73
63.874
79.741
61.977
11.796
55.83
34.432
64.2
39.307
79.207
43.256
47.81
29.117
74.834
53.711
68.343
82.137
43.56
42.597
3.762
52.503
34.543
63.498
46.783
36.513
36.033
52.779
59.713
35.888
32.626
13.817
27.994
45.967
74.55
51.916
74.041
62.068
60.504
24.993
28.242
67.485
12.248
14.239
54.394
60.754
38.078
56.074
51.392
44.848
36.05
42.737
0.495
15.979
10.42
69.724
8.175
38.054
64.668
35.032
56.72
78.417
26.303
54.969
46.681
36.875
74.606
25.336
81.895
45.41
89.155
22.342
56.52
58.046
87.977
73.331
14.708
51.031
5.384
62.157
18.057
57.135
35.093
48.875
2.132
41.828
4.903
67.604
55.368
88.608
27.312
45.116
41.626
61.61
49.368
36.417
85.965
52.033
55.475
63.13
43.209
22.643
62.335
25.217
36.244
36.139
44.475
53.467
10.742
58.017
8.329
22.061
68.946
89.094
31.325
48.032
67.755
57.792
42.093
42.495
44.653
51.483
33.928
85.563
24.46
83.629
35.799
51.573
85.498
38.707
66.636
36.69
42.048
66.017
48.467
68.212
31.593
34.404
28.897
81.631
25.452
74.744
62.361
48.569
39.925
39.257
45.468
9.698
51.564
68.634
71.083
77.929
65.988
36.164
39.895
4.746
76.565
4.035
83.529
36.716
29.037
28.256
50.134
66.268
26.774
50.692
8.755
13.576
45.784
13.782
33.167
59.017
37.2
56.879
26.436
33.693
87.284
75.995
84.273
39.988
56.106
41.124
30.567
66.325
38.895
34.76
32.772
77.471
45.468
14.986
35.299
71.167
89.564
51.105
75.888
50.896
19.578
47.343
22.176
65.022
40.484
80.904
87.579
58.625
44.037
50.227
52.791
40.363
42.876
43.562
11.46
32.985
69.921
56.538
58.229
51.975
33.91
65.167
27.843
68.159
77.682
27.152
13.928
84.97
8.755
4.559
71.223
62.176
27.307
83.334
57.999
8.247
37.006
61.492
36.902
88.301
86.296
22.051
42.114
66.097
20.211
26.658
29.63
44.354
23.391
11.776
49.735
87.048
37.448
49.841
6.146
69.261
10.462
36.835
49.524
40.792
40.455
52.735
56.638
35.053
80.886
75.56
56.543
54.744
28.223
32.434
44.085
15.999
65.578
42.073
78.503
13.196
56.852
59.108
83.561
56.063
42.806
25.325
34.45
70.856
55.66
8.73
54.211
22.37
68.256
68.942
45.562
54.79
78.675
51.197
36.878
43.556
23.834
66.232
43.188
20.978
6.496
16.243
29.444
46.615
62.595
29.695
51.193
19.514
19.739
29.443
85.291
35.32
41.466
87.22
43.373
33.086
25.979
75.036
43.149
27.919
19.128
40.92
48.818
8.363
42.523
66.596
51.3
64.952
62.711
51.832
76.264
37.72
73.455
53.044
48.304
40.29
52.707
54.677
63.571
63.382
48.272
50.53
68.275
42.182
0.742
48.027
50.581
74.703
18.904
59.301
62.779
6.726
58.205
55.945
18.06
47.496
26.817
9.468
75.269
78.819
45.353
52.994
43.654
35.692
31.073
81.448
65.314
61.339
43.202
67.327
53.427
82.825
15.129
36.648
36.378
35.915
56.782
62.289
27.11
83.433
64.038
36.975
51.961
6.564
33.29
21.763
21.959
38.897
69.689
47.202
20.964
42.203
20.348
40.998
70.165
14.523
55.578
23.276
48.166
5.973
47.761
55.05
58.851
40.01
37.417
49.069
57.519
73.414
36.703
79.599
87.731
14.43
22.241
26.424
88.755
10.379
23.495
50.586
61.779
28.233
44.016
54.756
86.122
40.756
80.31
54.68
26.13
14.416
79.017
54.194
19.602
63.069
9.414
55.514
42.796
76.702
13.289
21.934
53.921
58.957
54.927
44.101
10.026
51.161
20.578
35.499
34.809
81.861
22.539
48.055
49.643
65.772
66.577
30.222
34.319
56.551
31.756
7.479
75.146
42.381
18.191
61.575
51.065
22.192
66.008
14.925
83.608
54.489
65.972
59.831
83.745
4.709
54.167
43.675
33.61
69.57
27.094
71.385
85.583
46.844
11.34
53.886
41.365
54.539
41.139
39.925
43.78
12.149
51.464
86.549
53.975
36.447
40.012
52.741
39.709
46.097
42.234
53.761
66.256
52.423
39.653
28.149
24.026
60.961
44.566
45.782
16.199
60.537
6.248
64.454
79.628
12.983
38.574
45.099
32.197
37.627
40.966
38.067
37.871
53.836
62.562
59.328
46.191
14.265
49.511
78.156
10.554
81.378
49.002
62.36
6.648
46.866
52.614
48.258
1.812
39.283
83.245
35.552
72.316
34.449
44.384
50.068
44.134
39.055
36.204
21.304
84.531
64.526
40.501
13.376
61.031
55.804
85.662
20.338
73.405
12.131
71.015
27.96
56.357
7.513
47.112
49.614
43.745
53.314
62.45
44.285
5.293
58.69
57.561
55.179
36.432
13.168
44.271
77.434
75.012
30.905
70.568
20.419
41.747
51.499
62.535
55.721
51.637
28.847
36.914
15.614
20.778
56.063
68.16
18.408
16.834
55.399
33.542
24.244
71.266
60.338
40.196
25.498
66.03
40.899
44.614
64.545
73.88
34.826
5.186
62.112
41.631
34.065
34.625
74.44
65.416
16.294
55.758
32.175
83.094
50.79
18.806
60.1
40.957
67.543
49.064
58.852
18.156
36.957
1.889
42.503
39.897
62.685
58.857
9.273
56.231
36.092
1.368
22.062
39.049
37.037
33.707
23.857
44.005
47.67
47.69
40.997
72.246
43.937
30.006
19.258
55.568
44.034
24.531
50.84
35.386
30.418
25.299
23.612
34.844
18.638
68.032
44.033
52.773
61.56
24.842
41.391
53.326
89.944
46.47
66.757
60.938
27.479
42.972
50.174
53.935
45.561
45.885
34.17
32.966
51.638
60.49
24.221
54.268
39.666
82.379
58.748
49.249
32.248
60.338
45.384
10.951
57.049
83.718
26.555
29.765
5.41
45.859
14.228
25.675
15.921
64.274
9.744
41.357
13.285
43.326
0.247
47.175
60.252
50.716
26.76
80.813
16.546
25.043
82.159
54.339
26.95
75.558
49.843
71.521
30.866
39.958
44.92
48.072
58.355
51.362
49.854
40.266
77.812
31.417
54.123
89.932
20.516
37.902
34.181
28.267
46.199
68.299
40.927
1.499
20.711
0.615
9.99
41.632
59.184
64.147
78.596
48.379
75.788
54.438
40.11
78.785
2.863
38.777
67.68
19.784
1.53
11.681
72.29
46.109
61.874
27.235
53.211
8.081
30.116
6.049
51.328
4.677
44.968
37.484
3.881
43.885
58.01
39.04
62.703
15.831
57.148
45.289
43.81
89.599
51.675
36.61
3.762
57.309
32.685
50.005
42.35
85.66
72.421
57.962
49.306
47.173
33.006
9.06
62.579
43.108
43.28
44.713
13.134
22.667
37.213
17.783
22.631
87.904
41.615
57.844
41.96
75.911
51.844
47.016
38.385
81.657
39.053
42.182
33.373
14.522
71.178
27.769
53.02
63.866
55.485
76.127
8.427
72.446
62.245
9.976
38.854
47.088
20.042
71.714
26.389
36.658
70.891
48.212
31.47
48.739
3.571
27.022
63.951
39.417
0.614
43.2
64.909
58.464
76.108
77.588
74.415
63.207
85.978
58.918
84.596
60.272
49.483
2.505
55.765
75.778
56.138
11.698
83.117
76.738
61.673
11.863
23.253
43.012
67.161
52.295
35.028
31.567
58.012
45.907
82.892
53.766
42.311
33.035
31.174
43.946
29.405
5.886
48.181
56.465
38.525
42.979
22.922
26.602
79.123
53.629
14.797
33.611
82.603
5.231
46.366
41.796
38.006
75.604
83.117
54.371
43.903
19.054
62.842
75.32
72.218
65.116
6.638
32.363
21.163
53.186
84.614
34.12
36.068
69.328
33.595
63.543
66.855
40.437
33.814
49.973
41.604
88.263
29.216
56.4
23.174
66.052
54.272
37.956
60.293
46.076
56.024
22.515
26.367
62.43
19.973
33.26
12.218
49.583
77.848
52.996
78.927
48.021
50.233
44.642
53.578
54.023
67.712
44.693
71.017
40.2
50.22
36.116
25.981
44.763
61.11
76.058
85.977
33.82
12.16
49.452
19.378
39.495
33.636
15.462
32.64
56.163
86.969
72.838
57.313
60.233
32.332
47.447
44.676
45.081
43.916
28.703
25.94
41.966
32.106
57.249
44.132
7.685
53.785
78.647
48.192
36.72
62.903
61.041
50.074
82.18
43.691
8.683
35.181
38.786
32.732
83.814
30.275
36.394
37.489
38.158
41.373
77.565
40.727
41.019
51.832
79.237
58.481
50.882
43.021
86.872
86.325
32.22
24.848
76.354
68.581
76.234
36.954
83.678
71.366
5.983
37.978
30.128
46.06
78.149
58.401
11.297
14.465
30.617
12.608
41.104
49.458
10.605
77.621
73.969
42.174
6.729
50.011
65.43
47.48
45.602
2.022
42.856
46.875
11.785
44.522
0.499
8.523
65.931
64.022
61.717
32.875
29.34
41.082
7.345
1.529
17.539
42.376
57.067
0.519
63.922
70.341
36.922
46.746
51.83
79.802
86.619
43.029
48.757
46.256
31.887
38.118
52.393
66.152
54.385
72.412
37.974
43.344
4.942
67.094
76.261
23.266
35.491
51.103
45.973
1.628
69.719
10.568
49.048
78.257
50.274
46.338
43.717
37.563
86.232
44.331
33.569
44.502
51.836
58.082
11.151
45.939
52.527
62.276
31.707
48.079
25.901
22.499
38.747
41.748
43.109
32.114
59.221
52.137
49.766
83.082
53.567
35.872
46.125
32.677
43.838
60.468
36.897
36.245
31.013
32.911
10.392
30.022
68.322
81.137
86.531
80.011
15.585
60.497
29.272
16.323
79.93
36.893
56.877
47.277
52.348
46.428
43.219
10.364
30.894
52.66
1.374
34.94
2.117
83.043
76.018
18.549
34.385
63.818
47.031
18.743
86.627
51.398
34.823
81.932
30.785
67.003
51.697
69.756
41.385
3.858
40.901
48.274
8.586
74.786
24.488
48.784
10.295
44.463
49.28
43.084
2.202
39.85
26.813
53.858
59.93
12.122
82.248
30.169
60.392
31.846
72.805
35.447
69.575
23.582
44.69
50.093
18.015
43.938
65.634
42.314
82.408
24.295
54.61
15.943
56.594
7.547
42.506
12.001
69.183
55.791
9.122
41.103
83.634
50.519
27.534
29.96
39.763
64.926
4.959
33.112
87.471
54.316
51.08
47.121
39.391
59.252
34.919
10.131
56.91
46.192
88.449
12.27
38.863
40.93
58.728
78.657
59.548
42.718
53.489
45.825
39.832
59.898
44.181
30.675
53.413
66.177
11.32
31.499
58.602
53.938
27.225
9.152
45.075
34.889
28.511
88.469
84.288
54.344
12.712
23.993
49.589
1.771
42.003
71.89
6.105
58.382
59.327
49.937
49.198
64.733
87.309
60.879
6.301
49.361
9.927
0.22
76.039
11.335
34.919
13.69
22.793
25.896
17.949
79.902
58.816
88.91
48.855
30.505
1.542
42.438
21.541
2.668
55.753
40.533
54.984
17.963
34.236
75.603
34.356
28.006
30.127
48.753
38.805
74.729
49.659
27.553
46.703
10.461
55.476
53.505
33.521
44.252
54.524
46.985
44.581
79.779
16.379
51.335
47.301
32.168
4.595
49.915
48.556
32.146
50.918
60.301
39.177
50.727
40.051
40.793
76.166
38.714
1.379
89.685
22.703
2.789
51.219
69.794
80.157
14.859
38.974
58.59
15.777
38.199
46.469
67.438
5.074
18.433
25.737
34.762
72.919
45.278
69.051
47.926
63.52
54.697
50.457
66.62
89.115
30.338
19.872
83.952
60.551
12.917
16.808
56.382
44.214
86.818
67.478
82.571
62.337
80.646
47.488
36.561
35.895
32.705
31.68
62.723
55.23
10.232
66.502
34.183
49.23
23.937
53.479
37.467
23.206
37.72
9.598
26.311
41.013
3.381
81.071
70.263
23.29
68.111
33.843
88.877
47.588
22.288
19.798
27.68
22.532
36.876
55.103
26.155
63.107
39.255
35.45
67.247
39.541
23.714
17.662
78.625
28.672
62.727
62.732
30.79
55.931
45.087
54.321
32.523
45.832
53.276
41.819
6.168
83.591
23.543
53.939
14.34
28.061
46.42
60.113
40.328
48.234
52.386
83.024
80.72
78.267
50.953
55.786
31.702
79.979
31.409
56.815
56.654
45.84
46.416
44.816
74.505
56.123
38.854
33.597
46.891
20.412
44.333
76.686
4.229
75.994
50.315
89.902
63.233
44.154
37.395
28.121
69.606
18.174
75.007
74.835
46.833
35.692
26.978
58.397
42.755
58.58
87.256
73.005
18.234
46.505
37.685
88.337
32.569
17.236
40.063
84
78.655
38.159
68.477
30.003
58.554
88.083
50.117
28.186
27.906
12.39
47.037
24.998
26.897
73.89
56.128
53.268
57.31
47.097
13.166
10.783
80.137
50.56
58.872
13.216
20.395
68.292
84.65
45.186
31.749
50.989
7.936
62.317
10.119
49.116
52.285
38.585
78.559
18.185
49.486
58.619
45.493
89.702
38.91
46.024
43.553
88.584
20.961
60.505
50.361
43.849
82.011
8.538
71.603
62.307
69.77
44.344
23.177
66.655
42.836
62.506
60.505
14.8
66.512
1.53
57.391
36.258
68.377
51.91
78.8
58.088
45.848
35.044
42.848
65.58
45.64
34.541
54.747
51.92
35.663
64.323
49.391
29.843
9.287
56.735
34.339
23.031
88.82
18.086
40.462
23.214
27.981
13.632
54.044
36.464
74.181
77.273
58.235
31.402
21.988
36.51
62.321
32.901
36.293
49.98
50.178
35.659
83.901
34.824
9.968
10.419
44.444
54.521
42.105
26.262
29.394
23.053
59.274
80.542
35.275
6.412
10.615
47.411
50.489
9.344
39.457
16.07
33.573
47.357
14.088
29.454
76.608
88.137
49.46
70.862
17.283
34.974
84.42
37.603
70.104
12.864
47.593
39.208
5.322
33.513
81.44
65.5
22.252
61.388
32.062
1.674
67.528
54.346
54.315
39.769
56.574
67.2
81.464
48.613
21.446
13.524
10.194
88.017
22.318
20.809
5.406
9.258
29.783
60.1
54.755
51.147
63.005
74.478
27.799
50.603
8.966
65.141
44.537
31.231
29.909
27.391
73.338
54.669
49.35
3.603
43.073
37.019
76.487
47.252
14.289
53.821
65.873
81.989
26.445
42.855
19.308
3.707
38.483
61.859
60.053
46.078
47.626
21.52
37.244
46.676
57.621
57.762
38.649
42.459
12.103
44.369
38.328
76.47
45.642
46.835
39.137
38.275
45.455
76.186
42.71
58.614
43.684
6.738
52.938
39.617
42.046
56.357
5.927
48.056
25.528
15.376
21.034
26.759
15.97
51.227
31.603
46.029
48.922
81.196
52.494
39.579
62.986
47.272
2.614
50.436
34.323
44.452
53.903
45.335
35.267
8.346
30.087
60.691
82.766
40.495
18.587
1.409
43.834
42.798
58.823
40.274
56.591
9.47
88.974
14.655
47.202
50.303
11.357
42.454
40.661
24.982
9.502
24.061
5.7
57.483
89.516
80.573
46.09
69.508
28.177
2.947
36.213
33.338
65.276
42.983
40.203
54.565
13.21
26.471
65.768
34.703
41.468
52.325
78.887
25.859
41.767
42.701
30.551
73.141
63.824
78.137
25.05
46.629
25.028
40.983
77.179
40.973
46.817
8.706
38.114
10.019
76.867
55.007
89.177
32.278
47.738
63.882
71.651
6.321
29.038
21.284
39.898
59.303
28.545
67.34
16.716
82.154
75.866
85.614
46.288
33.745
23.251
66.088
50.72
59.291
65.614
31.923
71.538
41.116
39.439
46.93
28.661
43.54
53.867
49.519
38.275
68.08
51.888
28.492
62.63
48.453
78.951
24.468
35.239
44.803
7.19
39.357
36.085
47.361
2.178
88.187
10.562
56.178
24.862
42.952
70
2.458
17.215
66.59
66.538
58.172
35.909
24.717
40.623
43.998
76.119
72.451
86.698
47.761
28.548
1.125
37.837
77.486
50.328
82.806
41.778
36.136
78.273
46.028
28.756
67.385
37.329
48.682
13.9
12.242
53.521
38.112
54.778
54.41
23.227
51.306
59.12
45.938
53.512
23.71
19.371
74.588
70.545
12.271
26.302
12.382
32.319
10.784
5.876
40.331
29.661
59.595
30.788
18.177
51.724
54.38
79.366
77.46
41.521
59.11
7.321
59.214
55.447
39.938
1.396
35.416
39.788
58.483
50.881
38.557
13.222
52.017
41.339
31.885
36.95
53.559
28.792
89.028
50.569
13.449
41.454
55.933
29.096
49.85
37.634
51.337
65.519
55.733
40.511
30.41
82.526
12.294
22.289
89.923
9.031
8.359
1.682
23.46
23.779
48.959
28.542
73.997
28.579
66.552
24.31
58.194
60.69
88.652
42.329
58.328
50.172
58.197
34.788
41.871
85.962
33.187
32.579
87.081
27.702
44.218
16.373
21.219
85.194
45.186
83.384
43.678
85.616
52.952
71.359
15.214
25.566
39.165
24.218
14.543
20.757
29.189
38.508
43.504
62.023
0.982
85.731
27.02
53.082
48.337
70.175
24.432
43.526
34.34
54.34
48.065
46.544
73.09
4.931
71.133
54.384
48.789
78.05
48.6
19.524
38.133
42.553
28.995
55.344
71.75
66.612
55.402
47.079
25.19
80.278
28.695
17.832
34.134
75.911
35.758
37.809
47.727
30.515
13.095
47.048
46.869
43.698
12.9
55.249
35.841
63.046
34.869
34.745
60.247
19.826
82.495
42.024
31.28
78.587
32.659
48.825
40.644
32.149
42.103
53.365
9.361
35.96
40.198
87.054
22.384
47.673
66.964
35.346
36.139
53.318
46.144
50.08
17.923
38.697
51.863
23.307
53.678
82.045
36.695
53.217
27.11
26.698
45.855
77.318
78.704
85.576
19.718
54.004
67.558
74.828
57.007
38.029
66.475
15.323
57.466
15.041
39.953
10.285
66.362
15.012
59.081
53.436
44.472
33.701
77.384
7.767
25.939
21.667
16.179
62.362
69.236
38.29
26.534
34.827
49.252
13.143
50.391
61.404
39.952
0.134
0.328
63.67
35.092
3.913
14.709
37.79
37.032
31.462
80.583
88.413
4.903
49.444
68.974
86.129
55.006
22.829
68.174
19.15
32.714
18.867
29.445
72.244
80.565
75.412
80.933
66.789
76.453
21.488
75.245
45.729
43.802
81.972
49.152
44.696
49.31
12.293
43.503
23.066
71.868
86.531
18.362
16.913
74.723
52.099
76.174
9.694
60.012
63.629
63.218
9.754
51.723
51.086
42.249
78.978
56.682
42.112
71.426
42.447
73.289
51.122
88.052
46.998
46.34
6.249
35.408
54.821
62.163
41.034
86.248
34.307
15.467
28.551
56.463
60.292
36.33
17.602
48.029
11.115
29.39
53.986
24.713
35.883
50.015
34.379
57.279
31.52
58.418
76.053
67.653
32.13
81.901
49.445
42.248
20.763
42.192
40.923
69.529
68.188
51.396
54.185
71.171
61.973
71.18
47.086
28.749
62.436
0.897
83.937
68.047
82.609
86.856
63.966
51.638
27.804
76.23
51.586
49.25
32.654
61.541
40.642
23.073
47.502
61.371
53.119
36.682
40.105
65.787
51.711
35.668
32.626
40.621
53.956
21.926
48.692
74.993
27.106
76.331
28.769
24.415
60.673
35.785
62.667
79.639
41.096
33.086
27.19
47.355
46.32
24.235
41.206
44.887
84.005
37.773
48.766
36.36
2.226
26.529
14.77
57.014
63.404
53.058
45.829
28.164
73.619
68.632
63.156
69.116
33.108
34.674
85.03
84.524
54.743
89.088
72.205
42.58
24.03
43.577
73.867
80.609
81.288
48.222
3.803
46.041
5.766
74.99
11.591
1.626
26.965
41.766
30.489
66.33
51.422
57.018
72.17
46.052
38.871
57.896
56.88
37.931
11.759
31.32
9.126
71.483
65.96
59.402
62.097
44.806
59.342
55.944
15.233
45.951
34.606
72.619
68.628
60.363
44.772
1.491
49.171
58.69
44.468
24.274
38.589
64.513
35.506
44.587
51.229
58.96
55.607
43.064
65.002
33.2
25.029
20.92
49.022
71.42
18.052
19.637
52.2
50.109
72.01
62.166
36.506
46.952
52.904
66.439
37.363
12.398
37.421
17.351
30.97
48.089
69.395
75.411
43.61
1.919
68.89
47.442
59.022
64.18
56.009
72.597
68.359
67.546
14.001
33.629
34.513
64.181
49.133
7.533
52.971
42.56
18.785
6.995
85.473
13.663
9.712
68.487
2.811
68.752
48.949
24.798
51.771
71.498
86.82
28.423
76.057
62.491
1.758
60.658
85.108
63.235
12.377
8.426
36.105
41.656
34.223
60.925
44.911
38.736
48.246
62.771
42.001
85.339
51.664
41.571
79.033
63.076
31.936
18.81
42.242
34.72
38.749
73.727
26.619
51.954
42.471
87.515
40.361
33.775
28.585
28.059
20.922
37.417
79.625
25.648
70.687
49.781
63.547
72.6
75.422
23.871
4.541
77.979
89.865
60.896
51.075
32.515
44.612
81.487
9.841
42.388
15.968
43.234
47.04
39.024
82.165
52.721
42.534
80.174
55.494
67.449
38.01
77.504
89.384
51.348
38.381
27.253
71.497
75.255
52.5
71.993
28.792
46.853
51.232
15.513
30.681
45.316
76.823
84.994
33.869
86.239
11.899
32.644
56.361
47.756
41.25
32.199
28.447
50.71
26.869
57.781
49.253
65.997
49.73
74.08
66.968
38.44
3.445
41.116
44.12
56.932
7.156
70.225
66.718
45.594
54.106
5.776
16.998
44.411
41.774
18.655
9.922
75.512
35.684
73.864
39.667
43.543
52.365
7.14
55.579
60.933
34.361
87.129
39.312
59.139
44.86
35.605
77.227
19.828
24.079
43.261
70.985
54.956
33.061
9.381
21.696
59.456
31.469
49.275
37.735
44.148
39.485
37.638
58.43
42.112
70.757
37.339
12.332
38.545
72.195
44.618
23.671
73.806
59.306
1.167
63.353
43.551
43.969
11.22
75.244
54.705
69.925
42.9
19.084
33.895
38.111
37.518
31.459
36.291
38.37
57.329
52.432
68.434
58.46
46.767
14.349
41.044
44.758
26.411
35.978
48.411
54.084
31.319
47.983
66.514
17.78
16.676
46.61
26.899
41.438
1.094
37.664
2.721
66.397
48.257
50.11
57.015
31.828
38.944
48.366
70.891
43.535
25.416
46.755
23.694
65.306
68.698
22.471
61.528
81.168
10.111
31.446
61.717
51.387
46.737
61.678
8.716
44.756
44.284
26.449
46.711
77.8
62.316
67.576
37.66
56.137
38.638
1.613
77.076
45.218
45.398
28.043
17.601
85.377
56.403
26.757
4.469
69.076
30.575
17.089
48.654
43.308
66.199
65.239
39.103
78.884
38.338
36.284
30.901
56.433
31.917
1.284
7.32
25.939
57.74
75.845
7.578
19.534
37.973
48.257
59.677
80.724
48.03
57.719
62.656
4.337
48.528
47.657
53.995
24.395
42.673
77.226
79.264
62.795
39.738
78.18
52.766
44.785
47.584
9.24
32.023
10.29
27.699
28.668
17.119
49.918
34.768
53.361
63.219
64.004
83.309
50.365
38.122
75.349
42.778
86.182
75.632
86.452
53.654
52.31
57.98
14.869
83.599
80.346
48.412
12.835
47.142
4.972
46.451
67.322
38.301
25.609
39.595
51.853
32.33
45.328
34.566
58.124
61.571
44.16
42.474
71.831
22.848
45.694
22.34
33.458
52.013
37.848
39.504
51.081
41.109
89.178
13.984
89.831
11.1
56.145
40.507
61.328
62.842
41.437
80.238
62.423
18.177
41.67
70.008
55.433
86.629
18.628
59.113
49.147
13.758
44.358
39.893
49.411
66.05
17.297
25.232
24.043
10.294
42.957
56.363
36.632
43.189
78.065
22.893
29.571
54.124
9.824
79.991
72.271
75.325
18.345
25.51
48.066
56.179
45.634
36.275
47.731
9.757
63.799
74.768
37.666
50.596
67.963
35.585
41.942
35.147
72.017
15.698
45.164
19.004
75.207
42.011
34.472
39.069
39.838
57.681
67.174
45.093
45.075
24.83
53.792
12.569
31.808
16.845
65.057
66.54
76.508
14.593
67.112
11.818
65.764
67.509
56.587
67.483
43.401
0.211
42.967
37.955
56.369
45.057
40.726
57.574
70.743
22.881
44.863
20.597
27.391
53.778
21.816
43.745
40.038
33.95
47.938
71.876
42.387
38.912
58.534
23.824
63.477
41.571
79.375
44.941
44.361
53.985
58.052
48.602
11.53
26.069
22.831
25.431
30.107
30.276
74.298
40.604
35.857
45.434
10.69
42.57
64.006
42.168
48.867
4.497
31.215
56.938
39.835
28.016
30.801
47.331
33.239
7.291
12.138
11.698
6.218
35.89
23.609
60.032
45.834
54.365
47.187
12.516
38.547
39.31
14.443
47.54
27.727
29.505
26.125
87.021
61.523
71.93
18.449
31.868
59.293
57.075
64.074
88.165
71.895
64.61
35.618
20.081
11.529
25.258
44.683
46.66
31.322
62.735
33.082
25.617
60.015
74.891
63.564
56.62
42.27
40.62
57.549
36.523
74.236
48.942
27.672
68.733
31.991
19.346
61.206
61.917
41.754
38.353
47.98
53.243
52.649
56.032
64.257
72.678
53.025
55.61
6.689
47.92
32.441
38.558
11.743
43.893
27.083
6.564
6.837
23.36
58.578
39.725
5.542
42.992
70.889
57.112
59.384
78.865
62.142
26.56
87.139
75.901
62.783
50.313
43.295
24.119
35.435
27.333
67.293
50.86
15.499
37.059
58.743
78.687
63.731
74.98
10.251
68.954
39.773
77.924
14.306
21.479
33.826
72.9
12.446
26.797
24.109
79.47
29.03
36.605
66.747
33.921
79.532
45.592
34.889
58.889
8.725
32.325
71.969
6.072
31.139
47.017
19.226
76.763
42.8
78.169
57.539
75.84
57.676
41.304
20.323
33.575
8.999
52.959
32.551
68.047
80.919
72.853
50.101
47.251
46.023
28.806
20.874
60.647
53.39
31.483
57.379
3.869
44.594
52.61
45.998
38.406
62.491
33.482
28.193
47.566
78.093
89.559
76.067
26.901
57.625
66.057
21.341
33.832
49.504
21.768
50.8
41.549
40.458
35.912
73.441
20.59
32.067
49.902
78.515
59.762
67.416
28.385
38.779
42.907
29.763
6.563
32.701
87.749
63.74
6.997
50.225
66.805
85.802
67.649
46.153
34.422
55.263
42.21
42.209
56.019
54.276
7.39
35.42
41.493
58.977
55.871
79.384
59.991
50.998
58.4
35.198
58.699
13.445
43.283
40.714
67.387
60.818
59.79
63.891
12.392
57.882
39.393
37.949
36.572
25.61
22.612
87.226
42.094
5.729
15.054
47.658
5.877
17.161
38.615
38.611
48.942
68.09
37.522
61.34
49.73
79.59
33.479
80.642
37.272
44.16
61.178
52.157
29.556
68.721
44.595
40.537
55.499
24.075
58.983
81.703
26.041
40.776
35.755
40.549
11.55
20.244
28.018
68.817
56.85
44.549
76.266
48.011
46.77
24.479
45.351
10.587
30.345
85.219
18.453
9.246
70.646
78.012
34.146
34.346
45.957
39.613
50.727
27.092
70.801
52.017
24.085
58.169
49.157
44.075
61.383
7.554
43.993
34.653
74.432
62.951
47.875
48.649
45.624
72.29
84.24
12.615
33.284
80.033
38.513
66.22
83.313
82.777
17.123
58.819
11.686
24.947
67.888
28.192
1.703
11.905
27.186
61.85
45.241
32.147
5.581
67.051
51.326
40.438
27.929
83.169
33.756
53.788
76.264
12.284
52.419
48.515
15.527
20.633
84.35
85.952
25.989
37.908
89.384
9.439
46.004
30.177
75.968
45.87
8.429
11.947
27.341
86.181
1.308
72.605
5.481
42.379
19.403
73.859
52.806
72.897
29.533
26.314
35.132
57.554
23.373
52.539
72.97
45.936
25.407
53.496
35.715
32.291
52.783
26.586
40.627
36.249
46.634
40.253
66.78
28.761
67.316
33.274
83.895
28.867
47.887
67.269
39.483
82.196
34.149
55.543
31.232
2.032
38.038
48.856
52.193
44.646
43.564
54.115
58.076
31.483
24.195
64.989
4.263
2.808
40.352
64.096
79.576
83.985
22.394
45.335
84.82
52.88
34.88
53.802
32.492
15.859
46.6
88.676
52.589
58.13
86.399
29.416
30.658
47.491
54.318
44.015
42.662
57.367
44.158
78.527
62.018
28.881
75.712
43.053
9.98
59.201
65.694
64.974
40.928
45.898
60.468
6.801
84.304
70.796
30.72
72.991
60.789
50.889
45.731
53.2
73.302
9.11
13.562
0.103
55.329
26.708
30.871
21.884
79.988
62.268
39.001
75.914
58.85
42.49
61.27
17.168
52.893
70.819
47.375
35.234
48.72
82.898
12.851
67.463
47.729
46.885
49.632
39.022
62.945
15.863
12.479
69.175
23.855
25.587
46.222
50.646
45.185
7.746
53.195
71.578
31.525
32.753
72.279
68.268
79.218
4.636
51.927
12.273
76.167
10.538
72.679
88.606
77.452
64.048
83.369
53.201
66.232
33.163
61.923
88.099
38.596
19.219
53.467
81.27
13.457
72.455
42.468
32.734
26.169
51.316
83.519
40.956
28.62
64.386
46.695
70.028
76.974
44.061
30.473
83.639
68.399
59.334
60.672
46.004
28.858
83.911
76.274
9.838
31.786
64.635
46.891
72.968
23.73
84.105
34.092
54.022
40.394
60.163
88.598
79.704
35.542
31.655
31.818
0.497
36.093
80.556
73.072
54.59
77.041
65.422
68.391
65.831
11.904
18.466
32.484
9.18
34.572
19.497
67.643
19.845
30.45
60.037
41.572
1.299
45.278
41.099
44.809
6.455
13.168
22.687
17.701
22.751
41.893
40.401
18.425
51.381
85.819
34.348
47.253
55.531
77.253
48.376
74.484
21.895
60.877
53.926
85.56
49.377
14.583
33.717
37.101
63.235
27.003
37.041
52.311
39.909
25.035
57.499
6.393
44.018
10.714
54.978
59.937
41.077
47.336
49.697
20.811
36.872
31.829
21.4
82.992
30.999
39.734
30.929
43.672
55.404
40.32
19.362
43.362
72.696
65.98
24.23
47.502
80.162
55.791
47.849
29.195
52.274
60.892
41.595
49.243
39.73
63.267
47.118
33.816
88.16
34.027
42.861
38.631
31.782
75.284
82.56
27.817
18.515
21.048
6.131
26.473
57.54
8.732
59.16
77.903
12.057
39.799
67.551
32.365
29.936
67.765
81.411
25.436
43.626
49.27
27.051
61.476
88.76
42.394
50.688
44.849
34.965
23.312
25.934
31.381
69.545
75.678
50.197
5.064
83.055
18.94
56.072
34.585
30.554
44.458
81.809
4.296
66.456
13.231
34.386
34.95
46.668
64.731
31.613
11.969
27.719
44.734
47.181
67.438
40.232
29.967
29.565
49.134
24.143
25.122
46.343
9.221
16.184
83.632
36.778
70.585
66.357
47.97
0.141
48.827
24.063
59.846
31.371
44.092
73.106
55.222
15.112
72.083
38.452
45.382
65.836
77.764
60.073
73.52
7.248
54.714
19.726
32.081
23.684
46.95
46.554
77.492
58.78
55.019
89.983
39.342
37.968
26.456
67.737
24.801
50.116
68.431
58.29
37.827
72.376
71.019
44.006
65.809
54.008
44.905
19.406
46.28
36.706
66.108
57.977
85.824
44.757
84.409
9.017
60.527
49.067
51.697
36.715
89.321
71.884
71.577
48.569
37.978
33.946
49.733
48.985
35.628
66.408
38.558
40.343
51.789
83.833
37.193
23.881
51.373
37.041
14.019
32.816
32.992
28.314
51.502
68.131
72.958
26.673
38.646
34.389
89.586
50.397
5.095
29.466
43.535
50.476
78.6
10.512
48.96
79.363
38.21
9.426
42.197
44.293
48.246
22.127
79.917
14.797
34.007
74.358
40.973
56.523
27.915
44.591
69.176
75.755
74.461
38.382
56.886
44.075
72.456
50.677
74.448
14.835
36.486
6.184
71.9
81.997
70.018
8.581
12.046
63.372
59.73
52.727
46.64
36.822
8.937
39.598
32.012
6.922
45.538
42.86
51.424
47.779
87.225
84.202
40.654
37.461
54.752
19.335
60.782
57.663
29.021
53.75
4.569
48.072
84.355
76.548
74.435
38.971
40.518
41.653
54.86
42.326
27.491
26.654
85.74
60.623
88.993
13.959
38.544
44.47
32.067
44.493
35.901
5.042
87.601
22.187
41.519
88.04
33.075
47.679
47.832
31.848
5.988
39.786
50.299
33.115
25.988
76.118
37.452
50.223
9.923
77.145
40.492
7.217
55.681
39.856
60.673
9.062
66.122
47.122
30.681
10.481
83.189
63.785
31.801
26.689
55.024
31.086
23.302
30.964
79.204
54.783
29.044
6.322
83.533
79.332
66.079
64.132
67.35
1.077
54.214
15.128
12.962
48.593
74.5
87.773
59.278
55.147
67.533
48.496
6.915
29.887
31.677
19.398
28.413
46.34
49.107
21.371
14.422
32.53
21.308
87.014
44.584
39.445
72.089
48.586
46.357
17.879
23.32
24.583
12.734
49.19
46.782
62.554
61.97
49.727
60.559
17.665
36.453
47.857
51.64
20.126
62.337
39.574
16.946
38.402
39.931
60.169
60.491
30.266
21.524
19.95
54.684
46.189
27.687
84.706
19.814
19.523
69.481
55.842
31.243
48.314
46.08
18.294
29.18
11.18
45.653
30.442
15.255
69.096
78.449
47.012
52.366
49.697
58.757
76.959
50.577
50.364
75.505
44.176
55.858
33.242
70.53
3.587
62.029
32.056
74.518
37.228
23.515
44.66
69.821
41.525
60.049
38.681
8.455
83.356
9.758
25.966
59.856
45.905
22.49
56.308
30.325
8.159
49.667
53.625
45.05
53.492
13.569
35.555
48.137
21.886
47.007
47.279
1.962
65.431
47.616
17.48
62.863
1.587
10.524
44.102
82.241
61.578
33.046
54.991
11.794
32.793
49.836
15.173
84.085
32.78
77.321
16.818
26.536
48.55
8.511
58.299
82.047
18.241
67.789
33.599
59.712
38.83
78.57
47.811
33.855
0.021
42.596
20.852
40.386
80.54
70.849
13.034
71.932
21.877
7.265
59.87
9.086
27.517
61.367
41.649
52.902
50.413
3.277
13.15
6.139
53.467
40.54
56.224
47.13
84.377
26.624
44.233
78.576
61.733
47.22
34.857
83.093
32.797
13.488
34.141
85.485
77.129
79.811
44.862
19.702
28.719
4.074
41.897
89.273
60.583
58.093
65.72
55.9
26.784
75.453
52.744
17.061
51.923
5.455
38.233
27.957
2.961
46.806
75.67
20.445
31.08
1.354
46.764
66.861
51.362
24.229
45.748
28.276
54.05
82.91
50.725
57.083
19.378
62.132
44.595
80.977
12.369
89.671
51.149
46.725
48.798
20.819
48.324
8.768
85.876
8.162
82.8
36.018
13.481
72.545
57.402